1,41,242
1,41,242
1,17,242
1,20,239
1,42,242
1,43,242
1,43,242
1,43,242
1,41,242
1,42,242
1,27,242
1,26,238
1,42,242
1,44,242
1,42,242
1,45,242
1,43,242
1,41,242
1,21,241
1,24,239
1,41,242
1,45,242
1,43,242
1,43,242
1,38,242
1,26,238
1,42,242
1,43,242
1,44,242
1,42,242
1,43,242
1,41,242
1,18,239
1,42,242
1,43,242
1,42,242
1,42,242
1,43,242
1,42,242
1,42,242
1,42,242
1,32,242
1,41,242
1,25,239
1,43,242
1,43,242
1,43,242
1,43,242
1,42,242
1,43,242
1,19,242
1,35,242
1,42,242
1,43,242
1,43,242
1,43,242
1,43,242
1,44,242
1,42,242
1,40,242
1,32,239
1,42,242
1,44,242
1,43,242
1,41,242
1,45,242
1,42,242
1,41,242
1,43,242
1,43,242
1,19,242
1,42,242
1,43,242
1,43,242
1,45,242
1,41,242
1,32,242
1,19,242
1,20,239
1,43,242
1,43,242
1,42,242
1,43,242
1,42,242
1,43,242
1,39,242
1,41,242
1,23,241
1,41,242
1,41,242
1,43,242
1,43,242
1,43,242
1,33,242
1,43,242
1,18,242
1,42,242
1,41,242
1,43,242
1,41,242
1,42,242
1,43,242
1,30,238
1,41,242
1,43,242
1,41,242
1,40,242
1,43,242
1,43,242
1,42,242
1,43,242
1,43,242
1,42,242
1,44,242
1,43,242
1,43,242
1,19,241
1,42,242
1,43,242
1,43,242
1,42,242
1,43,242
1,42,242
1,32,242
1,18,241
1,18,239
1,42,242
1,42,242
1,42,242
1,43,242
1,43,242
1,41,242
1,24,240
1,41,242
1,41,242
1,42,242
1,43,242
1,43,242
1,43,242
1,43,242
1,24,240
1,18,239
1,44,242
1,44,242
1,46,242
1,42,242
1,43,242
1,40,242
1,43,242
1,36,242
1,30,241
1,43,242
1,43,242
1,42,242
1,43,242
1,42,242
1,19,239
1,41,242
1,42,242
1,43,242
1,20,242
1,43,242
1,44,242
1,40,242
1,44,242
1,42,242
1,42,242
1,42,242
1,43,242
1,42,242
1,41,242
1,40,242
1,42,242
1,43,242
1,35,242
1,19,241
1,27,239
1,44,242
1,42,242
1,41,242
1,43,242
1,43,242
1,43,242
1,41,242
1,43,242
1,44,242
1,43,242
1,35,242
1,36,239
1,43,242
1,43,242
1,44,242
1,44,242
1,41,242
1,43,242
1,35,242
1,21,239
1,41,242
1,43,242
1,43,242
1,43,242
1,43,242
1,42,242
1,29,241
1,41,242
1,43,242
1,42,242
1,42,242
1,41,242
1,20,242
1,42,242
1,41,242
1,42,242
1,43,242
1,42,242
1,42,242
1,41,242
1,42,242
1,23,241
1,40,239
1,44,242
1,41,242
1,43,242
1,40,242
1,42,242
1,42,242
1,43,242
1,19,239
1,41,242
1,43,242
1,44,242
1,43,242
1,42,242
1,42,242
1,38,239
1,43,242
1,43,242
1,43,242
1,42,242
1,41,242
1,31,242
1,42,242
1,42,242
1,43,242
1,42,242
1,43,242
1,36,242
1,29,239
1,41,242
1,43,242
1,43,242
1,43,242
1,44,242
1,42,242
1,45,242
1,42,242
1,44,242
1,43,242
1,42,242
1,33,242
1,22,241
1,42,242
1,43,242
1,42,242
1,43,242
1,40,242
1,43,242
1,43,242
1,42,242
1,42,242
1,43,242
1,42,242
1,40,242
1,42,242
1,45,242
1,42,242
1,28,242
1,40,238
1,43,242
1,44,242
1,43,242
1,42,242
1,43,242
1,43,242
1,33,242
1,18,239
1,43,242
1,41,242
1,43,242
1,43,242
1,43,242
1,42,242
1,43,242
1,41,242
1,36,242
1,31,242
1,32,239
1,43,242
1,44,242
1,42,242
1,43,242
1,43,242
1,43,242
1,42,242
1,44,242
1,41,242
1,42,242
1,45,242
1,32,242
1,41,242
1,33,239
1,43,242
1,42,242
1,41,242
1,43,242
1,44,242
1,43,242
1,19,241
1,44,242
1,43,242
1,45,242
1,43,242
1,42,242
1,43,242
1,42,242
1,24,239
1,43,242
1,43,242
1,42,242
1,41,242
1,43,242
1,43,242
1,42,242
1,18,241
1,43,242
1,43,242
1,42,242
1,42,242
1,42,242
1,43,242
1,42,242
1,43,242
1,20,241
1,21,239
1,44,242
1,41,242
1,42,242
1,44,242
1,43,242
1,42,242
1,43,242
1,37,239
1,43,242
1,43,242
1,43,242
1,43,242
1,43,242
1,41,242
1,43,242
1,19,241
1,19,238
1,42,242
1,40,242
1,41,242
1,42,242
1,42,242
1,41,242
1,24,242
1,20,239
1,42,242
1,42,242
1,42,242
1,42,242
1,43,242
1,42,242
1,42,242
1,43,242
1,42,242
1,43,242
1,41,242
1,42,242
1,44,242
1,42,242
1,43,242
1,42,242
1,43,242
1,41,242
1,43,242
1,40,242
1,43,242
1,41,242
1,45,242
1,20,239
1,43,242
1,43,242
1,41,242
1,41,242
1,44,242
1,42,242
1,42,242
1,20,241
1,43,242
1,43,242
1,43,242
1,43,242
1,43,242
1,43,242
1,18,241
1,44,242
1,41,242
1,42,242
1,42,242
1,42,242
1,45,242
1,43,242
1,19,242
1,26,241
1,44,242
1,43,242
1,43,242
1,43,242
1,44,242
1,35,242
1,40,242
1,40,242
1,43,242
1,41,242
1,41,242
1,42,242
1,44,242
1,28,239
1,41,242
1,43,242
1,43,242
1,41,242
1,42,242
1,41,242
1,43,242
1,43,242
1,28,240
1,19,239
1,45,242
1,44,242
1,45,242
1,42,242
1,20,242
1,43,242
1,45,242
1,43,242
1,43,242
1,43,242
1,45,242
1,35,242
1,18,239
1,43,242
1,43,242
1,44,242
1,42,242
1,43,242
1,42,242
1,42,242
1,44,242
1,43,242
1,44,242
1,42,242
1,43,242
1,44,242
1,43,242
1,45,242
1,42,242
1,42,242
1,41,242
1,44,242
1,43,242
1,44,242
1,42,242
1,43,242
1,45,242
1,42,242
1,43,242
1,18,239
1,45,242
1,42,242
1,42,242
1,42,242
1,43,242
1,43,242
1,44,242
1,45,242
1,40,242
1,42,242
1,45,242
1,40,242
1,42,242
1,42,242
1,40,242
1,18,241
1,44,242
1,43,242
1,44,242
1,43,242
1,40,242
1,43,242
1,42,242
1,22,239
1,44,242
1,43,242
1,43,242
1,43,242
1,43,242
1,42,242
1,42,242
1,21,242
1,19,239
1,43,242
1,42,242
1,43,242
1,41,242
1,43,242
1,43,242
1,35,242
1,27,241
1,41,242
1,43,242
1,43,242
1,43,242
1,43,242
1,45,242
1,44,242
1,29,240
1,43,242
1,43,242
1,43,242
1,43,242
1,43,242
1,43,242
1,32,238
1,44,242
1,41,242
1,45,242
1,43,242
1,45,242
1,43,242
1,34,242
1,35,242
1,34,239
1,43,242
1,43,242
1,40,242
1,42,242
1,43,242
1,42,242
1,41,242
1,43,242
1,42,242
1,42,242
1,42,242
1,44,242
1,43,242
1,43,242
1,45,242
1,41,242
1,43,242
1,25,239
1,43,242
1,44,242
1,43,242
1,43,242
1,43,242
1,45,242
1,43,242
1,43,242
1,18,239
1,43,242
1,43,242
1,42,242
1,44,242
1,39,242
1,39,239
1,43,242
1,42,242
1,42,242
1,43,242
1,43,242
1,43,242
1,44,242
1,19,241
1,22,239
1,43,242
1,43,242
1,44,242
1,43,242
1,44,242
1,42,242
1,43,242
1,30,242
1,25,241
1,44,242
1,44,242
1,43,242
1,43,242
1,43,242
1,43,242
1,19,242
1,37,239
1,44,242
1,43,242
1,41,242
1,42,242
1,43,242
1,43,242
1,45,242
1,43,242
1,43,242
1,36,242
1,36,239
1,42,242
1,43,242
1,41,242
1,43,242
1,42,242
1,43,242
1,39,239
1,43,242
1,42,242
1,44,242
1,43,242
1,45,242
1,43,242
1,43,242
1,42,242
1,42,242
1,43,242
1,45,242
1,42,242
1,43,242
1,43,242
1,43,242
1,42,242
1,41,242
1,38,239
1,44,242
1,43,242
1,42,242
1,42,242
1,43,242
1,43,242
1,41,242
1,17,242
1,33,242
1,43,242
1,43,242
1,43,242
1,42,242
1,43,242
1,33,242
1,40,239
1,43,242
1,43,242
1,45,242
1,41,242
1,42,242
1,43,242
1,40,242
1,31,239
1,43,242
1,41,242
1,43,242
1,45,242
1,43,242
1,44,242
1,40,242
1,20,239
1,43,242
1,44,242
1,43,242
1,43,242
1,44,242
1,43,242
1,43,242
1,42,242
1,45,242
1,42,242
1,18,239
1,44,242
1,43,242
1,42,242
1,43,242
1,40,242
1,45,242
1,41,242
1,42,242
1,18,242
1,30,239
1,43,242
1,41,242
1,41,242
1,40,242
1,43,242
1,45,242
1,36,242
1,23,239
1,42,242
1,41,242
1,45,242
1,43,242
1,42,242
1,41,242
1,20,241
1,30,241
1,44,242
1,42,242
1,41,242
1,43,242
1,43,242
1,42,242
1,29,239
1,31,242
1,42,242
1,43,242
1,43,242
1,41,242
1,43,242
1,32,242
1,19,239
1,42,242
1,40,242
1,42,242
1,41,242
1,43,242
1,43,242
1,31,242
1,43,242
1,42,242
1,41,242
1,43,242
1,43,242
1,36,242
1,43,242
1,21,239
1,43,242
1,41,242
1,43,242
1,43,242
1,43,242
1,31,239
1,42,242
1,43,242
1,43,242
1,43,242
1,45,242
1,41,242
1,43,242
1,34,242
1,25,242
1,28,239
1,42,242
1,43,242
1,43,242
1,43,242
1,42,242
1,43,242
1,43,242
1,43,242
1,37,239
1,43,242
1,43,242
1,42,242
1,41,242
1,43,242
1,43,242
1,43,242
1,42,242
1,20,241
1,41,242
1,44,242
1,42,242
1,43,242
1,43,242
1,43,242
1,40,242
1,43,242
1,34,239
1,37,242
1,43,242
1,41,242
1,42,242
1,41,242
1,45,242
1,43,242
1,38,242
1,19,242
1,44,242
1,42,242
1,43,242
1,43,242
1,42,242
1,41,242
1,41,242
1,39,242
1,42,242
1,43,242
1,43,242
1,38,242
1,19,242
1,23,239
1,41,242
1,43,242
1,40,242
1,43,242
1,43,242
1,40,242
1,41,242
1,20,241
1,36,239
1,43,242
1,43,242
1,45,242
1,42,242
1,32,242
1,19,242
1,19,239
1,43,242
1,43,242
1,42,242
1,43,242
1,25,242
1,20,239
1,43,242
1,41,242
1,43,242
1,43,242
1,43,242
1,43,242
1,41,242
1,43,242
1,43,242
1,42,242
1,41,242
1,41,242
1,43,242
1,43,242
1,43,242
1,42,242
1,45,242
1,22,242
1,20,239
1,44,242
1,41,242
1,43,242
1,41,242
1,43,242
1,44,242
1,42,242
1,43,242
1,43,242
1,21,241
1,34,242
1,43,242
1,43,242
1,43,242
1,43,242
1,41,242
1,42,242
1,35,239
1,43,242
1,43,242
1,43,242
1,43,242
1,43,242
1,28,242
1,41,242
1,43,242
1,42,242
1,44,242
1,45,242
1,43,242
1,42,242
1,43,242
1,20,239
1,43,242
1,43,242
1,43,242
1,43,242
1,42,242
1,43,242
1,43,242
1,43,242
1,24,242
1,20,239
1,41,242
1,43,242
1,41,242
1,41,242
1,43,242
1,44,242
1,17,242
1,19,239
1,44,242
1,43,242
1,45,242
1,44,242
1,44,242
1,43,242
1,41,242
1,21,241
1,43,242
1,43,242
1,43,242
1,41,242
1,42,242
1,42,242
1,43,242
1,43,242
1,34,239
1,20,239
1,40,242
1,42,242
1,43,242
1,43,242
1,42,242
1,36,242
1,43,242
1,30,239
1,18,238
1,41,242
1,43,242
1,41,242
1,42,242
1,42,242
1,41,242
1,43,242
1,21,241
1,44,242
1,43,242
1,43,242
1,41,242
1,42,242
1,44,242
1,19,241
1,42,242
1,44,242
1,44,242
1,42,242
1,42,242
1,43,242
1,33,242
1,42,242
1,42,242
1,44,242
1,43,242
1,43,242
1,42,242
1,43,242
1,27,239
1,30,241
1,42,242
1,43,242
1,42,242
1,41,242
1,44,242
1,44,242
1,34,239
1,41,242
1,43,242
1,43,242
1,43,242
1,43,242
1,45,242
1,41,242
1,43,242
1,43,242
1,34,242
1,42,242
1,43,242
1,42,242
1,44,242
1,45,242
1,42,242
1,41,242
1,24,240
1,44,242
1,43,242
1,42,242
1,43,242
1,42,242
1,43,242
1,43,242
1,37,242
1,28,239
1,43,242
1,43,242
1,43,242
1,43,242
1,32,242
1,33,239
1,41,242
1,41,242
1,43,242
1,41,242