1,24,208
1,23,208
1,23,208
1,21,207
1,20,207
1,18,206
1,23,208
1,24,208
1,23,208
1,24,208
1,22,208
1,20,207
1,23,207
1,22,208
1,22,208
1,21,207
1,24,208
1,21,208
1,21,208
1,22,208
1,22,208
1,23,208
1,21,207
1,23,207
1,21,207
1,24,208
1,22,208
1,22,208
1,22,208
1,23,208
1,23,208
1,20,208
1,24,207
1,19,207
1,22,208
1,23,208
1,20,207
1,21,207
1,24,208
1,22,208
1,23,208
1,23,208
1,23,208
1,21,207
1,20,207
1,22,207
1,20,208
1,25,207
1,23,208
1,22,208
1,24,208
1,22,208
1,21,208
1,22,208
1,20,207
1,23,208
1,17,206
1,22,208
1,22,208
1,22,207
1,22,208
1,23,208
1,22,207
1,24,207
1,24,208
1,21,207
1,23,208
1,21,208
1,22,208
1,21,207
1,24,208
1,23,207
1,22,208
1,24,208
1,23,208
1,24,208
1,21,208
1,22,208
1,22,208
1,23,207
1,21,207
1,21,208
1,24,208
1,22,208
1,22,208
1,22,208
1,19,207
1,22,207
1,19,207
1,22,208
1,25,207
1,20,207
1,23,208
1,22,208
1,21,208
1,24,208
1,23,208
1,21,207
1,26,208
1,25,207
1,25,208
1,20,208
1,21,207
1,22,208
1,22,208
1,24,208
1,21,208
1,20,207
1,20,207
1,24,208
1,21,207
1,23,208
1,23,208
1,23,208
1,24,208
1,23,208
1,24,208
1,21,207
1,21,208
1,21,207
1,24,208
1,24,208
1,23,208
1,23,208
1,24,208
1,23,207
1,24,208
1,20,207
1,19,207
1,22,208
1,24,208
1,20,207
1,25,208
1,24,208
1,23,207
1,21,208
1,24,208
1,22,208
1,23,208
1,24,208
1,23,207
1,20,206
1,22,208
1,22,208
1,21,207
1,24,208
1,20,207
1,24,207
1,23,208
1,22,207
1,21,208
1,21,208
1,22,208
1,21,207
1,22,208
1,22,208
1,23,207
1,24,208
1,21,208
1,22,208
1,22,208
1,21,207
1,24,207
1,22,208
1,21,207
1,23,208
1,23,208
1,22,208
1,21,207
1,24,207
1,24,207
1,22,208
1,21,207
1,24,208
1,20,208
1,23,208
1,20,207
1,23,208
1,22,207
1,21,208
1,21,207
1,23,208
1,21,208
1,23,208
1,21,206
1,23,208
1,21,207
1,23,208
1,25,208
1,21,207
1,22,208
1,24,208
1,23,208
1,20,207
1,23,208
1,20,207
1,22,207
1,22,208
1,21,208
1,21,207
1,25,208
1,22,208
1,21,207
1,22,208
1,23,208
1,23,208
1,20,207
1,23,207
1,23,208
1,25,208
1,22,207
1,20,207
1,22,208
1,22,207
1,21,207
1,23,208
1,25,207
1,19,207
1,21,207
1,23,208
1,23,208
1,23,208
1,21,208
1,21,208
1,23,208
1,21,207
1,23,208
1,21,207
1,23,208
1,20,207
1,21,208
1,22,208
1,22,208
1,22,208
1,26,208
1,24,208
1,18,207
1,24,208
1,22,208
1,21,208
1,21,207
1,23,208
1,23,208
1,22,207
1,20,207
1,21,207
1,22,208
1,21,207
1,21,207
1,20,207
1,23,208
1,22,207
1,26,208
1,20,207
1,21,208
1,22,208
1,23,208
1,23,208
1,22,206
1,20,207
1,24,208
1,21,207
1,24,208
1,22,208
1,23,208
1,24,208
1,20,207
1,23,208
1,24,208
1,25,207
1,22,207
1,21,207
1,21,207
1,23,208
1,23,208
1,22,208
1,24,208
1,22,207
1,22,208
1,22,208
1,23,208
1,22,208
1,24,208
1,20,207
1,25,208
1,24,208
1,22,208
1,21,207
1,22,208
1,22,207
1,22,208
1,23,208
1,22,207
1,21,208
1,23,208
1,20,207
1,22,208
1,23,208
1,20,206
1,22,207
1,22,207
1,22,208
1,25,208
1,22,208
1,23,208
1,24,208
1,22,207
1,25,207
1,21,207
1,21,208
1,20,208
1,22,207
1,24,208
1,24,207
1,21,207
1,24,208
1,23,208
1,21,208
1,21,208
1,20,207
1,23,208
1,24,208
1,24,207
1,20,207
1,21,208
1,21,208
1,22,208
1,19,207
1,23,208
1,22,208
1,26,207
1,20,207
1,20,207
1,21,208
1,20,207
1,22,208
1,23,208
1,23,208
1,21,206
1,24,208
1,22,208
1,22,208
1,22,208
1,19,207
1,20,207
1,21,207
1,23,208
1,21,207
1,22,208
1,20,207
1,22,208
1,24,208
1,21,207
1,20,207
1,25,207
1,18,206
1,23,208
1,22,207
1,23,208
1,22,208
1,24,208
1,22,208
1,24,208
1,22,206
1,23,208
1,24,208
1,21,208
1,22,208
1,23,208
1,23,208
1,22,208
1,22,207
1,21,208
1,22,207
1,23,208
1,24,208
1,22,208
1,22,207
1,24,208
1,23,208
1,24,208
1,25,207
1,18,207
1,20,207
1,22,208
1,22,208
1,21,208
1,22,207
1,23,208
1,21,206
1,19,207
1,22,208
1,24,208
1,22,208
1,21,208
1,23,208
1,20,208
1,25,208
1,20,207
1,22,208
1,23,208
1,21,208
1,21,208
1,23,208
1,22,208
1,25,208
1,20,207
1,21,207
1,25,208
1,20,208
1,24,208
1,22,208
1,23,208
1,20,207
1,18,206
1,22,208
1,25,208
1,22,208
1,21,208
1,22,208
1,24,208
1,23,208
1,22,208
1,21,208
1,20,207
1,22,208
1,21,208
1,23,208
1,20,207
1,21,208
1,24,208
1,23,208
1,22,208
1,23,208
1,23,208
1,20,208
1,21,206
1,20,206
1,24,208
1,20,208
1,20,207
1,23,208
1,24,208
1,19,207
1,23,207
1,23,208
1,23,208
1,22,208
1,22,208
1,24,208
1,23,208
1,22,208
1,25,208
1,23,206
1,22,208
1,23,208
1,21,207
1,22,208
1,21,208
1,23,208
1,24,207
1,22,208
1,22,207
1,22,208
1,22,208
1,23,208
1,20,207
1,23,208
1,23,208
1,21,207
1,24,207
1,20,207
1,24,208
1,24,208
1,20,207
1,23,208
1,20,208
1,21,207
1,23,208
1,23,208
1,20,207
1,21,208
1,25,208
1,20,207
1,20,207
1,23,208
1,22,208
1,22,208
1,24,208
1,22,208
1,22,208
1,21,207
1,21,207
1,24,208
1,21,207
1,20,207
1,22,207
1,20,207
1,19,207
1,19,207
1,24,208
1,22,208
1,20,207
1,22,208
1,22,208
1,22,208
1,21,208
1,20,207
1,20,207
1,22,206
1,23,208
1,23,208
1,22,208
1,23,208
1,22,208
1,25,208
1,21,206
1,23,208
1,23,208
1,23,208
1,22,207
1,21,207
1,19,208
1,23,208
1,20,207
1,22,208
1,22,208
1,22,208
1,24,208
1,23,206
1,23,208
1,22,207
1,22,208
1,23,208
1,21,207
1,22,207
1,22,208
1,21,208
1,24,208
1,22,208
1,23,208
1,22,208
1,21,207
1,25,207
1,23,208
1,23,208
1,19,207
1,22,208
1,23,208
1,21,207
1,24,208
1,21,206
1,23,208
1,21,207
1,23,208
1,23,208
1,22,208
1,23,208
1,22,207
1,20,206
1,20,206
1,23,208
1,23,208
1,22,207
1,19,207
1,23,208
1,21,207
1,18,207
1,24,208
1,19,207
1,25,208
1,24,208
1,23,208
1,22,208
1,20,207
1,25,208
1,20,206
1,21,207
1,22,207
1,19,208
1,22,207
1,20,206
1,22,207
1,24,208
1,24,208
1,24,208
1,22,208
1,20,207
1,21,207
1,19,207
1,23,208
1,22,208
1,24,208
1,24,208
1,22,208
1,23,208
1,20,207
1,20,207
1,23,208
1,21,207
1,20,207
1,22,207
1,23,208
1,22,208
1,20,207
1,19,208
1,24,207
1,21,207
1,21,208
1,23,208
1,22,208
1,23,208
1,20,207
1,25,208
1,26,207
1,24,208
1,21,208
1,20,207
1,24,208
1,25,208
1,22,208
1,23,208
1,20,207
1,23,208
1,21,207
1,22,208
1,20,207
1,23,208
1,24,208
1,23,208
1,20,207
1,25,208
1,24,207
1,24,208
1,20,207
1,24,208
1,22,208
1,23,208
1,23,208
1,21,207
1,23,208
1,24,208
1,23,208
1,23,208
1,22,208
1,22,207
1,23,208
1,20,208
1,24,208
1,23,208
1,20,207
1,23,208
1,20,208
1,22,208
1,21,207
1,24,208
1,21,207
1,23,208
1,23,208
1,23,208
1,21,208
1,22,208
1,22,208
1,22,208
1,24,208
1,19,206
1,22,208
1,22,207
1,22,208
1,24,208
1,23,208
1,20,207
1,21,207
1,21,207
1,22,207
1,23,206
1,24,208
1,24,208
1,23,208
1,20,207
1,21,208
1,23,208
1,22,208
1,24,208
1,19,207
1,22,207
1,25,208
1,22,208
1,22,207
1,22,208
1,21,208
1,19,207
1,22,207
1,24,208
1,26,208
1,22,207
1,22,208
1,24,208
1,24,208
1,22,208
1,23,208
1,20,207
1,22,207
1,20,207
1,23,208
1,22,208
1,20,207
1,25,208
1,22,208
1,22,206
1,21,207
1,25,208
1,24,208
1,24,208
1,22,208
1,21,207
1,24,207
1,22,208
1,21,208
1,24,208
1,20,207
1,22,208
1,20,207
1,22,208
1,23,208
1,21,206
1,24,208
1,20,207
1,23,208
1,24,208
1,23,208
1,21,207
1,21,207
1,20,207
1,21,207
1,23,208
1,22,207
1,22,208
1,22,208
1,22,208
1,21,207
1,22,208
1,19,206
1,25,208
1,21,207
1,23,208
1,20,207
1,25,208
1,22,208
1,21,207
1,24,208
1,24,208
1,23,208
1,21,207
1,25,207
1,24,208
1,23,208
1,23,208
1,22,207
1,21,208
1,23,208
1,20,207
1,23,207
1,20,207
1,24,208
1,23,208
1,21,208
1,23,208
1,24,208
1,21,207
1,22,207
1,20,207
1,24,208
1,23,208
1,21,207
1,23,208
1,20,207
1,21,208
1,22,208
1,20,206
1,21,207
1,22,208
1,20,207
1,23,208
1,22,208
1,23,208
1,21,207
1,24,208
1,23,208
1,21,207
1,25,208
1,21,208
1,24,208
1,21,207
1,23,208
1,25,208
1,24,208
1,22,206
1,23,208
1,25,208
1,24,208
1,22,207
1,21,208
1,23,207
1,22,208
1,23,208
1,25,207
1,23,208
1,23,208
1,22,208
1,22,208
1,24,208
1,20,207
1,24,208
1,24,207
1,23,208
1,21,208
1,25,208
1,25,208
1,21,207
1,22,208
1,22,207
1,22,208
1,22,208
1,22,208
1,23,208
1,23,208
1,21,207
1,24,207
1,25,208
1,20,207
1,22,208
1,22,208
1,23,208
1,21,207
1,23,208
1,26,208
1,20,207
1,20,207
1,22,207
1,24,208
1,23,208
1,24,208
1,21,208
1,20,207
1,20,207
1,22,207
1,22,208
1,21,207
1,23,208
1,21,208
1,22,208
1,23,208
1,23,208
1,21,208
1,20,207
1,21,207
1,22,208
1,21,208
1,22,208
1,23,208
1,23,208
1,23,208
1,26,208
1,23,208
1,23,207
1,20,207
1,23,208
1,23,208
1,21,207
1,21,207
1,22,207
1,20,207
1,23,208
1,22,208
1,25,208
1,19,207
1,23,208
1,21,207
1,22,207
1,23,208
1,22,208
1,20,207
1,23,208
1,25,208
1,21,206
1,23,208
1,24,208
1,20,207
1,21,207
1,18,207
1,18,206
1,23,208
1,23,208
1,24,208
1,22,208
1,23,208
1,24,208
1,21,207
1,23,207
1,22,208
1,21,207
1,24,208
1,24,208
1,23,208
1,22,207
1,22,208
1,20,207
1,24,208
1,22,208
1,24,208
1,18,206
1,25,208
1,23,208
1,23,208
1,21,207
1,22,208
1,22,207
1,24,207
1,23,208
1,23,208
1,23,208
1,23,208
1,21,207
1,22,208
1,22,208
1,21,206
1,24,208
1,23,208
1,24,208
1,21,208
1,22,208
1,21,208
1,21,207
1,23,208
1,24,208
1,25,207
1,21,207
1,23,208
1,22,208
1,20,207
1,23,208
1,24,208
1,24,207
1,22,207
1,22,208
1,23,208
1,23,208
1,19,207
1,23,208
1,24,208
1,22,206
1,21,207
1,24,208
1,21,207
1,23,208
1,19,207
1,24,208
1,24,207
1,22,207
1,24,208
1,22,208
1,21,208
1,20,207
1,22,208
1,20,207
1,20,207
1,22,208
1,23,208
1,23,208
1,22,206
1,24,208
1,24,208
1,23,208
1,24,208
1,24,208
1,24,208
1,23,208
1,21,208
1,24,208
1,21,207
1,20,206
1,23,208
1,24,208
1,22,208
1,21,207
1,22,208
1,23,208
1,23,208
1,23,208
1,20,206
1,22,208
1,23,208
1,19,207
1,22,208
1,24,208
1,23,208
1,24,208
1,24,207
1,20,207