1,36,205
1,22,205
1,27,205
1,32,205
1,27,205
1,31,205
1,37,205
1,36,205
1,19,203
1,32,205
1,24,205
1,29,205
1,31,205
1,29,205
1,31,205
1,29,205
1,29,203
1,35,205
1,29,205
1,37,205
1,37,205
1,23,205
1,29,205
1,28,206
1,24,205
1,31,203
1,15,203
1,23,205
1,31,205
1,29,205
1,26,205
1,30,205
1,29,205
1,28,205
1,20,205
1,25,205
1,26,205
1,29,205
1,29,205
1,36,205
1,32,206
1,26,205
1,26,205
1,36,205
1,28,205
1,29,205
1,25,203
1,24,205
1,32,205
1,32,205
1,26,205
1,24,205
1,28,206
1,17,204
1,28,205
1,24,205
1,29,205
1,30,205
1,24,206
1,31,205
1,25,205
1,29,205
1,32,205
1,28,205
1,30,205
1,35,205
1,26,205
1,37,205
1,36,205
1,30,205
1,24,206
1,27,205
1,29,205
1,29,205
1,26,204
1,27,205
1,30,205
1,27,205
1,31,205
1,28,205
1,31,205
1,36,205
1,27,203
1,28,205
1,27,205
1,32,205
1,31,205
1,31,206
1,31,205
1,25,205
1,35,205
1,20,205
1,32,205
1,28,205
1,29,205
1,32,205
1,30,206
1,35,205
1,36,206
1,22,205
1,23,205
1,32,205
1,28,205
1,27,205
1,37,206
1,31,205
1,36,206
1,36,206
1,31,203
1,26,206
1,29,205
1,25,205
1,25,205
1,27,205
1,37,205
1,29,205
1,31,205
1,31,205
1,35,203
1,27,205
1,27,205
1,26,205
1,32,205
1,23,205
1,36,206
1,35,205
1,22,203
1,31,205
1,31,205
1,32,205
1,26,205
1,29,205
1,27,205
1,36,206
1,22,206
1,22,203
1,24,205
1,30,205
1,29,205
1,27,205
1,37,206
1,30,206
1,25,205
1,15,205
1,22,203
1,27,205
1,32,205
1,37,205
1,25,205
1,36,206
1,30,206
1,26,203
1,31,205
1,31,205
1,27,205
1,29,205
1,30,204
1,27,205
1,27,205
1,27,205
1,31,205
1,29,205
1,31,205
1,27,205
1,21,204
1,29,205
1,24,205
1,30,205
1,36,206
1,36,206
1,37,205
1,23,204
1,28,205
1,29,205
1,30,205
1,31,206
1,31,205
1,31,205
1,32,205
1,32,205
1,29,205
1,30,205
1,26,205
1,31,205
1,29,205
1,37,205
1,32,205
1,36,206
1,23,205
1,36,205
1,30,205
1,28,204
1,29,205
1,37,205
1,27,205
1,31,205
1,31,205
1,31,205
1,29,205
1,35,205
1,23,205
1,31,205
1,29,205
1,25,205
1,28,205
1,28,206
1,28,205
1,36,206
1,31,205
1,23,205
1,20,205
1,29,205
1,28,205
1,29,205
1,26,205
1,26,205
1,36,206
1,36,205
1,28,206
1,31,205
1,17,203
1,29,205
1,24,205
1,31,205
1,24,206
1,36,206
1,37,206
1,31,206
1,34,205
1,18,205
1,28,205
1,30,205
1,37,205
1,31,205
1,36,205
1,26,205
1,32,205
1,29,205
1,27,205
1,35,205
1,36,205
1,30,205
1,31,205
1,31,205
1,29,205
1,26,205
1,37,206
1,23,206
1,31,206
1,35,205
1,26,205
1,31,205
1,28,205
1,38,205
1,31,205
1,37,206
1,36,205
1,31,205
1,25,205
1,22,204
1,27,205
1,27,205
1,23,205
1,32,205
1,31,205
1,36,205
1,31,205
1,28,205
1,24,204
1,28,205
1,38,205
1,24,205
1,27,205
1,37,205
1,26,205
1,37,205
1,31,205
1,29,205
1,16,203
1,31,205
1,32,205
1,28,205
1,26,205
1,29,206
1,37,206
1,31,205
1,36,205
1,15,205
1,27,205
1,31,205
1,29,205
1,22,205
1,27,205
1,31,205
1,34,205
1,27,203
1,17,204
1,29,205
1,37,205
1,30,205
1,36,205
1,29,205
1,29,205
1,16,205
1,28,205
1,32,205
1,27,205
1,29,205
1,30,205
1,19,205
1,26,203
1,25,205
1,28,205
1,37,205
1,31,205
1,28,205
1,27,205
1,27,205
1,32,205
1,20,203
1,27,205
1,25,205
1,29,205
1,37,205
1,31,205
1,27,205
1,29,205
1,21,205
1,17,204
1,29,205
1,27,205
1,24,205
1,36,205
1,35,205
1,26,205
1,36,205
1,30,205
1,27,205
1,27,205
1,27,205
1,30,205
1,31,205
1,16,205
1,27,205
1,25,205
1,32,205
1,28,205
1,37,205
1,29,205
1,37,205
1,37,205
1,31,205
1,29,205
1,32,205
1,36,205
1,25,204
1,27,205
1,24,205
1,29,205
1,31,205
1,29,205
1,29,205
1,18,203
1,30,205
1,22,205
1,30,205
1,26,205
1,32,205
1,27,205
1,31,205
1,24,205
1,32,205
1,30,205
1,25,205
1,32,205
1,36,206
1,31,206
1,29,205
1,36,205
1,36,205
1,30,205
1,16,204
1,29,205
1,29,205
1,29,205
1,30,205
1,37,205
1,30,206
1,36,205
1,24,205
1,18,205
1,24,204
1,25,205
1,27,205
1,36,205
1,26,205
1,28,205
1,29,205
1,30,204
1,25,205
1,24,205
1,25,205
1,31,205
1,31,205
1,28,205
1,24,205
1,17,204
1,36,205
1,28,205
1,32,205
1,25,205
1,26,205
1,26,205
1,20,204
1,28,205
1,24,205
1,28,205
1,25,205
1,28,205
1,36,205
1,15,205
1,25,204
1,32,205
1,28,205
1,29,205
1,30,205
1,27,205
1,37,205
1,27,205
1,29,205
1,16,205
1,20,203
1,28,205
1,28,205
1,29,205
1,30,205
1,31,205
1,31,205
1,30,205
1,34,205
1,30,204
1,25,205
1,25,205
1,29,205
1,30,205
1,30,205
1,31,205
1,36,205
1,27,205
1,31,203
1,35,205
1,32,205
1,31,205
1,25,205
1,24,205
1,28,205
1,26,205
1,22,203
1,28,205
1,30,205
1,37,205
1,24,205
1,26,205
1,24,205
1,31,204
1,27,205
1,24,205
1,26,205
1,30,205
1,31,205
1,36,205
1,27,205
1,28,203
1,29,205
1,32,205
1,25,205
1,28,205
1,30,206
1,36,206
1,37,205
1,25,205
1,29,205
1,27,205
1,37,205
1,24,205
1,25,205
1,26,205
1,24,205
1,32,205
1,37,205
1,28,205
1,37,205
1,26,205
1,24,205
1,27,205
1,21,203
1,23,205
1,27,205
1,29,205
1,31,206
1,36,206
1,29,205
1,28,205
1,23,205
1,27,204
1,28,205
1,32,205
1,32,205
1,28,206
1,35,205
1,29,205
1,17,205
1,37,205
1,25,205
1,29,205
1,36,205
1,35,205
1,30,203
1,25,205
1,26,205
1,25,205
1,31,205
1,31,206
1,29,205
1,29,205
1,34,205
1,25,204
1,26,205
1,29,205
1,23,205
1,32,205
1,26,205
1,31,205
1,28,205
1,27,203
1,29,205
1,37,205
1,31,205
1,28,205
1,37,205
1,25,205
1,28,203
1,28,205
1,36,205
1,35,205
1,25,205
1,25,205
1,26,205
1,25,205
1,31,205
1,32,205
1,29,205
1,27,205
1,31,205
1,28,205
1,28,206
1,36,205
1,29,205
1,30,203
1,28,205
1,25,205
1,28,205
1,37,205
1,31,205
1,29,205
1,24,205
1,32,205
1,20,204
1,23,205
1,25,205
1,29,205
1,37,205
1,32,205
1,37,206
1,29,205
1,30,205
1,20,205
1,27,204
1,25,204
1,30,205
1,37,205
1,26,206
1,31,206
1,31,206
1,30,205
1,27,203
1,25,205
1,24,205
1,21,205
1,24,205
1,28,205
1,37,206
1,24,204
1,27,205
1,29,205
1,23,205
1,27,205
1,28,205
1,36,206
1,37,205
1,16,205
1,29,205
1,32,205
1,27,205
1,29,205
1,32,205
1,24,205
1,20,204
1,26,205
1,27,205
1,31,205
1,31,205
1,28,205
1,36,205
1,29,205
1,36,205
1,16,205
1,31,205
1,25,205
1,29,205
1,31,205
1,36,206
1,29,205
1,31,205
1,31,205
1,28,204
1,26,205
1,24,205
1,32,205
1,38,205
1,37,206
1,36,205
1,28,206
1,31,205
1,26,205
1,36,205
1,37,205
1,30,206
1,36,206
1,32,205
1,30,205
1,25,203
1,25,205
1,37,205
1,37,206
1,31,205
1,23,205
1,16,204
1,30,205
1,28,205
1,29,205
1,25,205
1,31,205
1,26,205
1,19,205
1,29,205
1,28,205
1,21,205
1,24,205
1,30,205
1,36,205
1,37,205
1,26,205
1,31,205
1,27,205
1,30,205
1,35,205
1,25,205
1,30,205
1,36,205
1,26,204
1,24,205
1,29,205
1,32,205
1,22,205
1,27,205
1,27,205
1,30,205
1,27,204
1,34,205
1,26,205
1,30,205
1,27,205
1,22,205
1,27,205
1,35,205
1,25,205
1,29,205
1,28,205
1,26,205
1,31,205
1,28,205
1,36,205
1,27,205
1,23,205
1,19,203
1,31,205
1,32,205
1,29,205
1,31,205
1,30,205
1,27,205
1,29,205
1,25,204
1,32,205
1,28,205
1,28,205
1,38,205
1,28,205
1,25,205
1,36,205
1,36,205
1,23,205
1,26,205
1,37,205
1,29,205
1,36,205
1,31,205
1,30,205
1,28,205
1,31,205
1,29,205
1,28,205
1,23,205
1,28,205
1,28,205
1,27,205
1,29,205
1,28,204
1,26,205
1,29,205
1,38,205
1,30,205
1,31,205
1,27,206
1,37,206
1,27,205
1,30,204
1,26,205
1,27,205
1,25,205
1,26,205
1,31,205
1,31,205
1,25,204
1,38,205
1,26,205
1,37,206
1,28,206
1,37,206
1,25,205
1,30,204
1,24,205
1,29,205
1,28,205
1,25,205
1,36,205
1,19,204
1,27,205
1,29,205
1,29,205
1,30,205
1,32,205
1,26,205
1,36,205
1,30,205
1,20,205
1,37,205
1,38,205
1,27,205
1,31,206
1,23,205
1,36,205
1,15,205
1,20,204
1,26,205
1,37,205
1,24,205
1,25,205
1,37,206
1,36,205
1,36,205
1,17,205
1,29,205
1,32,205
1,26,205
1,36,205
1,36,205
1,28,205
1,16,205
1,28,205
1,29,205
1,37,205
1,36,206
1,36,205
1,26,205
1,16,203
1,30,205
1,30,205
1,27,205
1,29,205
1,32,205
1,27,204
1,30,205
1,29,205
1,37,205
1,37,205
1,28,204
1,28,205
1,29,205
1,28,205
1,29,205
1,28,205
1,36,205
1,28,205
1,27,203
1,31,205
1,32,205
1,24,205
1,31,205
1,29,205
1,30,205
1,36,205
1,16,205
1,18,203
1,32,205
1,29,205
1,25,205
1,30,205
1,35,206
1,36,205
1,20,205
1,34,203
1,28,205
1,36,205
1,28,205
1,26,205
1,27,205
1,25,205
1,28,205
1,37,205
1,22,204
1,37,205
1,32,205
1,26,205
1,27,205
1,37,205
1,28,204
1,31,205
1,26,205
1,19,205
1,23,206
1,36,205
1,30,205
1,26,205
1,26,205
1,29,205
1,27,205
1,26,205
1,28,205
1,28,205
1,26,203
1,35,205
1,29,205
1,25,205
1,29,205
1,24,205
1,24,205
1,24,205
1,30,205
1,23,203
1,26,205
1,29,205
1,24,205
1,24,205
1,30,205
1,28,205
1,34,203
1,29,205
1,31,205
1,23,205
1,31,205
1,28,205
1,28,203
1,32,205
1,37,205
1,35,205
1,26,205
1,26,205
1,32,205
1,36,205
1,27,205
1,25,205
1,28,205
1,37,205
1,31,205
1,27,205
1,28,205
1,28,203
1,18,204
1,24,205
1,30,205
1,26,205
1,36,205
1,29,205
1,28,205
1,24,204
1,30,205
1,28,205
1,29,205
1,36,205
1,35,205
1,28,203
1,32,205
1,27,205
1,31,205
1,36,205
1,28,205
1,18,203
1,29,205
1,30,205
1,23,205
1,25,205
1,30,205
1,36,205
1,29,205
1,26,205
1,31,205
1,29,205
1,30,204
1,28,205
1,28,205
1,32,205
1,29,205
1,31,205
1,27,205
1,31,205
1,24,205
1,26,203
1,23,203
1,31,205
1,27,205
1,37,205
1,28,205
1,27,205
1,36,205
1,35,205
1,24,205
1,37,205
1,24,205
1,31,205
1,31,205
1,28,205
1,24,205
1,34,205
1,22,204
1,37,205
1,29,205
1,26,205
1,29,205
1,34,205
1,36,205
1,31,205
1,37,205
1,31,205
1,29,205
1,29,205
1,30,205
1,30,205
1,31,205
1,23,205
1,20,205
1,19,204
1,32,205
1,24,205
1,29,205
1,25,205
1,31,205
1,23,205
1,22,204
1,29,205
1,29,205
1,25,205
1,31,205
1,36,205
1,26,205
1,29,205
1,20,204
1,37,205
1,32,205
1,28,205
1,30,205
1,28,205
1,36,205
1,36,205
1,16,205
1,30,205
1,32,205
1,37,205