1,26,197
1,25,197
1,31,198
1,27,198
1,26,197
1,28,198
1,25,197
1,28,198
1,26,197
1,24,197
1,29,198
1,29,198
1,28,198
1,28,198
1,28,198
1,28,198
1,25,197
1,24,197
1,25,197
1,29,198
1,29,198
1,27,198
1,25,197
1,28,198
1,28,198
1,27,198
1,27,198
1,25,197
1,28,198
1,28,198
1,28,198
1,25,197
1,28,198
1,28,198
1,28,198
1,26,197
1,28,198
1,27,198
1,22,197
1,28,198
1,28,198
1,25,197
1,27,198
1,21,197
1,28,198
1,29,198
1,29,198
1,27,198
1,27,197
1,28,198
1,22,197
1,28,198
1,24,197
1,27,198
1,29,198
1,28,198
1,26,197
1,29,198
1,27,198
1,27,197
1,28,198
1,28,198
1,28,198
1,25,197
1,28,198
1,28,198
1,28,198
1,25,197
1,28,198
1,29,198
1,28,198
1,26,197
1,25,197
1,24,197
1,28,198
1,28,198
1,28,198
1,24,197
1,28,198
1,27,198
1,22,197
1,23,197
1,28,198
1,28,198
1,28,198
1,28,198
1,28,198
1,25,197
1,23,197
1,28,198
1,29,198
1,28,198
1,27,197
1,24,197
1,22,197
1,23,197
1,30,198
1,22,197
1,28,198
1,26,197
1,28,198
1,29,198
1,27,197
1,26,197
1,28,198
1,27,197
1,28,198
1,22,198
1,28,198
1,24,197
1,30,198
1,28,198
1,25,197
1,27,198
1,29,198
1,23,197
1,24,197
1,23,197
1,28,198
1,28,198
1,25,197
1,28,198
1,28,198
1,25,197
1,26,197
1,27,198
1,23,197
1,28,198
1,28,198
1,29,198
1,26,197
1,28,198
1,28,198
1,29,198
1,28,198
1,28,198
1,24,197
1,27,197
1,25,197
1,28,198
1,29,198
1,29,198
1,23,197
1,28,198
1,23,198
1,26,197
1,24,197
1,25,197
1,29,198
1,25,197
1,29,198
1,29,198
1,28,198
1,29,197
1,24,197
1,27,198
1,28,198
1,29,198
1,21,197
1,29,198
1,28,198
1,28,198
1,28,198
1,24,197
1,29,198
1,28,198
1,24,197
1,28,198
1,28,198
1,24,197
1,24,197
1,23,197
1,28,198
1,27,198
1,28,198
1,28,198
1,28,198
1,25,197
1,28,197
1,23,197
1,27,198
1,21,197
1,28,198
1,28,198
1,28,198
1,28,197
1,29,198
1,28,198
1,28,198
1,28,198
1,23,197
1,29,198
1,22,197
1,28,198
1,29,198
1,28,198
1,27,198
1,24,197
1,28,198
1,28,198
1,28,198
1,21,197
1,23,197
1,23,197
1,28,198
1,26,197
1,28,198
1,27,198
1,24,197
1,27,198
1,28,198
1,23,197
1,28,198
1,28,198
1,24,197
1,24,197
1,28,198
1,28,198
1,29,198
1,27,197
1,29,198
1,29,198
1,29,197
1,27,198
1,27,198
1,23,197
1,24,197
1,29,198
1,28,198
1,25,198
1,28,198
1,24,197
1,27,198
1,29,198
1,28,198
1,22,197
1,29,198
1,27,198
1,25,197
1,28,198
1,29,198
1,28,198
1,23,197
1,28,198
1,27,197
1,28,197
1,26,197
1,28,198
1,29,198
1,30,198
1,26,197
1,28,198
1,28,198
1,26,198
1,21,197
1,23,197
1,28,198
1,29,198
1,27,198
1,28,198
1,27,197
1,28,198
1,27,198
1,22,197
1,28,198
1,28,198
1,28,198
1,28,198
1,24,197
1,28,198
1,28,198
1,26,197
1,29,198
1,28,198
1,25,197
1,23,198
1,27,198
1,28,198
1,28,198
1,25,197
1,29,198
1,29,198
1,25,198
1,22,197
1,23,197
1,28,198
1,27,198
1,28,198
1,25,197
1,30,198
1,25,197
1,28,198
1,28,197
1,27,198
1,24,197
1,24,197
1,27,198
1,23,197
1,25,198
1,28,198
1,28,198
1,22,197
1,27,197
1,28,198
1,29,198
1,23,197
1,28,198
1,28,198
1,27,198
1,22,197
1,27,198
1,28,198
1,22,197
1,24,197
1,24,197
1,28,198
1,28,198
1,27,197
1,29,198
1,25,197
1,28,198
1,27,198
1,28,198
1,27,198
1,28,198
1,26,197
1,29,198
1,27,198
1,27,197
1,28,198
1,25,197
1,28,198
1,27,198
1,28,198
1,23,197
1,24,197
1,23,197
1,28,198
1,25,197
1,28,198
1,21,197
1,27,198
1,27,198
1,28,198
1,23,197
1,29,198
1,28,198
1,23,197
1,27,198
1,29,198
1,28,198
1,26,197
1,28,198
1,29,198
1,28,198
1,25,197
1,29,198
1,28,198
1,28,198
1,24,197
1,28,198
1,28,198
1,29,198
1,26,197
1,28,198
1,28,198
1,22,197
1,28,198
1,28,198
1,23,197
1,29,198
1,28,198
1,28,198
1,29,198
1,28,198
1,23,197
1,26,197
1,28,198
1,28,198
1,26,197
1,28,198
1,28,198
1,28,198
1,26,197
1,28,198
1,24,197
1,25,197
1,25,197
1,28,198
1,29,198
1,27,198
1,29,198
1,26,197
1,27,197
1,26,198
1,30,198
1,22,197
1,28,198
1,25,197
1,28,198
1,29,198
1,28,198
1,29,198
1,26,197
1,29,198
1,28,198
1,24,197
1,29,198
1,28,198
1,26,197
1,27,198
1,22,197
1,28,198
1,28,198
1,28,198
1,30,198
1,30,198
1,24,197
1,28,198
1,25,198
1,26,197
1,27,198
1,25,197
1,28,198
1,28,198
1,27,198
1,23,197
1,24,197
1,28,198
1,28,198
1,25,197
1,24,197
1,26,197
1,28,198
1,28,198
1,25,197
1,29,198
1,27,198
1,25,197
1,27,198
1,24,197
1,27,198
1,27,198
1,29,198
1,29,198
1,30,198
1,25,197
1,27,197
1,28,198
1,28,198
1,24,197
1,28,198
1,29,198
1,28,198
1,28,198
1,28,198
1,27,197
1,27,197
1,28,198
1,28,198
1,24,197
1,28,198
1,28,198
1,29,198
1,28,198
1,28,198
1,29,198
1,24,197
1,26,197
1,27,197
1,27,198
1,25,198
1,27,197
1,29,198
1,30,198
1,25,197
1,28,198
1,27,198
1,28,198
1,28,198
1,23,197
1,28,198
1,28,198
1,28,198
1,27,198
1,25,197
1,28,198
1,24,197
1,28,198
1,25,197
1,28,198
1,28,198
1,20,197
1,23,197
1,28,197
1,23,197
1,29,198
1,29,198
1,28,198
1,26,197
1,22,197
1,23,197
1,23,197
1,28,197
1,29,198
1,23,197
1,28,198
1,27,198
1,28,198
1,28,198
1,28,198
1,28,198
1,24,197
1,28,198
1,29,198
1,25,197
1,26,197
1,21,197
1,28,198
1,25,197
1,29,198
1,26,197
1,29,198
1,24,198
1,28,198
1,29,198
1,23,197
1,28,198
1,28,198
1,24,197
1,28,198
1,28,198
1,27,198
1,29,198
1,23,197
1,29,198
1,28,198
1,28,198
1,24,197
1,22,197
1,23,197
1,28,198
1,25,198
1,28,198
1,29,198
1,28,198
1,26,197
1,23,197
1,29,198
1,28,198
1,23,197
1,29,198
1,28,198
1,25,197
1,26,198
1,26,197
1,29,198
1,28,198
1,28,198
1,28,198
1,28,198
1,24,197
1,26,197
1,24,197
1,24,197
1,25,197
1,29,198
1,27,197
1,25,197
1,23,197
1,25,197
1,28,198
1,24,197
1,21,197
1,29,198
1,27,198
1,28,198
1,28,198
1,29,198
1,28,198
1,24,197
1,26,197
1,28,198
1,28,198
1,25,197
1,28,198
1,28,198
1,29,198
1,23,197
1,21,197
1,22,197
1,24,197
1,30,198
1,28,198
1,28,198
1,25,197
1,28,198
1,25,197
1,28,198
1,28,198
1,30,198
1,27,197
1,23,197
1,21,197
1,28,198
1,27,198
1,25,197
1,28,198
1,28,198
1,22,197
1,28,198
1,25,197
1,21,197
1,29,198
1,29,198
1,28,198
1,24,197
1,22,198
1,28,198
1,27,198
1,23,197
1,28,198
1,29,198
1,24,197
1,28,198
1,28,198
1,29,198
1,24,197
1,28,198
1,30,198
1,25,197
1,28,198
1,29,198
1,28,198
1,24,197
1,29,198
1,30,198
1,25,198
1,25,197
1,28,198
1,30,198
1,30,198
1,24,197
1,28,198
1,28,197
1,29,198
1,25,197
1,29,198
1,24,197
1,27,198
1,29,198
1,24,197
1,28,198
1,28,198
1,29,198
1,26,197
1,29,198
1,29,198
1,28,198
1,29,198
1,28,198
1,29,198
1,27,197
1,28,198
1,25,197
1,28,198
1,28,198
1,22,197
1,28,198
1,27,198
1,29,198
1,28,198
1,25,197
1,29,198
1,27,198
1,26,197
1,23,197
1,30,198
1,28,198
1,28,198
1,22,197
1,27,198
1,19,197
1,27,197
1,28,198
1,28,198
1,28,198
1,25,197
1,28,198
1,27,198
1,28,198
1,24,198
1,25,197
1,23,197
1,27,198
1,28,198
1,29,198
1,25,197
1,29,198
1,28,198
1,28,198
1,25,198
1,27,197
1,27,198
1,28,197
1,28,198
1,28,198
1,28,198
1,25,197
1,29,198
1,28,198
1,28,198
1,29,198
1,25,197
1,29,198
1,27,198
1,29,198
1,22,197
1,30,198
1,28,198
1,29,198
1,28,198
1,29,198
1,28,198
1,23,197
1,28,198
1,27,198
1,24,197
1,26,197
1,29,198
1,28,198
1,28,198
1,26,197
1,29,198
1,29,198
1,27,198
1,28,198
1,22,197
1,29,198
1,28,198
1,29,198
1,28,198
1,29,198
1,23,197
1,27,198
1,25,197
1,28,198
1,29,198
1,28,198
1,30,198
1,28,198
1,29,198
1,25,197
1,28,198
1,27,197
1,27,198
1,24,197
1,23,197
1,29,198
1,29,198
1,27,198
1,27,198
1,27,198
1,27,197
1,28,198
1,28,198
1,25,197
1,25,197
1,29,198
1,25,197
1,29,198
1,23,197
1,28,198
1,29,198
1,28,198
1,28,198
1,28,198
1,27,198
1,21,197
1,27,198
1,28,198
1,30,198
1,22,197
1,23,197
1,29,198
1,28,198
1,25,197
1,26,197
1,25,197
1,28,198
1,29,198
1,25,198
1,27,198
1,23,197
1,27,198
1,27,198
1,28,198
1,25,197
1,29,198
1,29,198
1,29,198
1,25,197
1,29,198
1,27,198
1,26,198
1,30,198
1,25,197
1,28,198
1,28,198
1,28,198
1,24,197
1,24,197
1,23,197
1,29,198
1,27,198
1,26,198
1,27,197
1,28,198
1,28,198
1,24,197
1,25,197
1,24,197
1,23,197
1,24,197
1,29,198
1,28,198
1,28,198
1,24,197
1,24,197
1,26,197
1,28,198
1,28,198
1,27,197
1,28,198
1,21,197
1,28,198
1,28,198
1,25,197
1,28,198
1,29,198
1,25,197
1,23,197
1,29,197
1,28,198
1,29,198
1,29,198
1,28,198
1,28,198
1,24,197
1,28,198
1,21,197
1,27,198
1,29,198
1,28,198
1,26,197
1,25,197
1,29,198
1,27,198
1,26,197
1,24,197
1,25,197
1,24,197
1,29,198
1,24,197
1,30,198
1,28,198
1,23,197
1,24,197
1,27,197
1,28,198
1,28,198
1,29,198
1,29,198
1,29,198
1,29,198
1,23,197
1,27,198
1,24,197
1,26,197
1,24,197
1,28,198
1,28,198
1,29,198
1,23,197
1,28,198
1,29,198
1,29,198
1,29,198
1,27,198
1,25,197
1,29,198
1,29,198
1,22,197
1,26,197
1,28,198
1,29,198
1,28,198
1,27,198
1,28,198
1,24,197
1,28,198
1,28,198
1,29,198
1,27,197
1,28,198
1,23,197
1,22,197
1,27,198
1,25,197
1,24,197
1,23,197
1,28,198
1,27,198
1,25,197
1,28,198
1,28,198
1,28,198
1,25,197
1,28,198
1,23,197
1,27,198
1,22,197
1,29,198
1,27,198
1,23,197
1,27,197
1,30,198
1,28,198
1,29,198
1,29,198
1,25,197
1,28,198
1,24,197
1,29,198
1,25,197
1,28,198
1,28,198
1,24,197
1,28,198
1,27,198
1,25,197
1,28,198
1,24,197
1,29,198
1,20,197
1,25,197
1,29,198
1,26,197
1,28,198
1,22,197
1,22,197
1,27,198
1,29,198
1,27,198
1,29,198
1,29,198
1,23,197
1,28,198
1,27,197
1,23,197
1,26,197
1,26,198
1,27,198
1,28,198
1,24,197
1,29,198
1,28,198
1,28,198
1,24,197
1,24,197
1,28,198
1,21,197
1,28,198
1,24,197
1,24,197
1,24,197
1,28,198
1,28,198
1,28,198
1,28,198
1,28,198
1,25,197
1,29,198
1,21,197
1,25,197
1,28,198
1,26,197
1,26,197
1,29,198
1,28,198
1,26,197
1,29,198
1,28,198
1,28,198
1,24,197
1,23,197
1,26,197
1,28,198