1,29,199
1,23,198
1,26,199
1,26,198
1,22,199
1,24,199
1,22,199
1,23,198
1,28,199
1,28,199
1,24,199
1,24,198
1,22,199
1,22,199
1,20,198
1,25,199
1,23,199
1,25,199
1,25,199
1,24,199
1,29,198
1,26,199
1,25,198
1,24,199
1,24,198
1,21,199
1,19,199
1,23,199
1,28,199
1,30,199
1,22,199
1,25,199
1,26,198
1,21,199
1,22,199
1,24,198
1,25,199
1,25,198
1,26,199
1,24,199
1,21,199
1,23,198
1,27,199
1,25,199
1,27,199
1,20,198
1,21,199
1,21,199
1,26,198
1,24,199
1,25,199
1,24,199
1,26,198
1,28,199
1,24,199
1,23,199
1,26,199
1,26,199
1,24,199
1,25,199
1,28,198
1,20,199
1,24,198
1,25,199
1,26,199
1,24,199
1,23,198
1,21,199
1,23,199
1,26,198
1,26,199
1,24,199
1,24,199
1,23,199
1,26,199
1,28,198
1,23,199
1,29,198
1,23,199
1,25,199
1,22,199
1,25,199
1,28,198
1,29,198
1,25,199
1,27,199
1,27,198
1,24,199
1,23,199
1,28,198
1,23,199
1,26,199
1,23,199
1,24,199
1,25,198
1,26,199
1,22,199
1,24,199
1,21,198
1,27,199
1,23,199
1,28,198
1,22,199
1,20,199
1,23,199
1,28,199
1,25,199
1,22,198
1,22,199
1,22,199
1,24,199
1,24,199
1,21,198
1,26,199
1,25,199
1,23,199
1,25,198
1,23,199
1,24,199
1,23,199
1,25,199
1,25,199
1,22,198
1,25,199
1,23,199
1,25,199
1,26,199
1,23,198
1,27,199
1,20,198
1,25,198
1,23,199
1,23,199
1,25,199
1,23,199
1,23,199
1,23,199
1,25,198
1,22,199
1,23,199
1,25,199
1,25,199
1,21,198
1,22,199
1,24,198
1,24,199
1,24,199
1,25,199
1,23,199
1,25,199
1,25,198
1,20,199
1,24,199
1,24,199
1,23,199
1,26,198
1,24,199
1,26,198
1,21,199
1,20,199
1,22,198
1,25,199
1,24,199
1,25,199
1,24,198
1,21,199
1,24,198
1,23,198
1,25,199
1,26,198
1,22,199
1,22,199
1,23,199
1,23,198
1,24,199
1,23,199
1,25,198
1,25,199
1,24,199
1,23,199
1,28,199
1,23,199
1,25,198
1,23,199
1,27,198
1,20,199
1,21,199
1,23,199
1,25,199
1,27,198
1,27,199
1,24,199
1,23,198
1,22,199
1,27,199
1,25,199
1,28,199
1,21,198
1,23,199
1,21,199
1,25,198
1,24,199
1,25,198
1,23,199
1,24,199
1,24,199
1,23,199
1,25,199
1,23,198
1,25,199
1,27,198
1,24,198
1,28,198
1,22,199
1,21,199
1,25,199
1,20,199
1,23,198
1,23,198
1,32,198
1,24,199
1,25,199
1,23,198
1,23,199
1,26,199
1,24,198
1,23,199
1,22,199
1,28,199
1,22,198
1,23,199
1,27,199
1,22,199
1,20,199
1,21,199
1,24,199
1,24,199
1,22,198
1,21,198
1,24,199
1,22,199
1,25,199
1,24,199
1,26,198
1,27,199
1,23,199
1,24,199
1,21,199
1,22,198
1,23,199
1,24,198
1,25,199
1,25,199
1,29,198
1,26,199
1,22,199
1,29,199
1,25,198
1,22,198
1,24,198
1,22,199
1,25,199
1,22,198
1,25,199
1,25,198
1,23,199
1,23,199
1,24,199
1,22,198
1,22,198
1,24,198
1,24,199
1,22,198
1,28,198
1,24,199
1,26,199
1,23,198
1,27,199
1,25,199
1,19,199
1,26,198
1,25,199
1,26,199
1,23,199
1,22,198
1,25,199
1,22,199
1,23,198
1,25,198
1,23,199
1,26,198
1,22,199
1,22,199
1,25,198
1,26,199
1,23,199
1,22,198
1,27,199
1,22,199
1,22,199
1,21,199
1,24,199
1,22,198
1,27,199
1,21,199
1,23,199
1,29,198
1,20,199
1,27,199
1,24,199
1,25,198
1,24,199
1,23,199
1,27,199
1,24,199
1,21,198
1,22,199
1,26,199
1,23,199
1,26,198
1,22,198
1,24,198
1,25,199
1,25,199
1,21,198
1,28,199
1,21,199
1,27,199
1,23,198
1,24,199
1,24,198
1,25,199
1,20,199
1,24,199
1,24,199
1,27,199
1,23,198
1,24,199
1,22,199
1,27,198
1,25,198
1,25,199
1,21,199
1,24,199
1,26,199
1,25,198
1,26,198
1,21,198
1,24,199
1,27,198
1,24,199
1,23,198
1,22,199
1,26,198
1,25,199
1,24,198
1,25,199
1,23,199
1,22,198
1,25,199
1,25,199
1,22,198
1,24,199
1,23,199
1,23,199
1,21,199
1,21,198
1,28,199
1,24,199
1,24,199
1,25,199
1,23,198
1,26,199
1,23,199
1,22,198
1,23,199
1,27,199
1,21,199
1,28,198
1,24,199
1,24,199
1,26,199
1,26,199
1,24,198
1,25,199
1,22,199
1,24,199
1,23,198
1,27,199
1,25,199
1,29,199
1,24,199
1,25,199
1,26,198
1,23,199
1,24,199
1,26,198
1,19,199
1,24,199
1,27,199
1,22,198
1,23,199
1,25,199
1,24,199
1,24,199
1,23,198
1,26,199
1,25,199
1,25,199
1,27,198
1,21,199
1,21,198
1,27,199
1,22,199
1,26,198
1,22,199
1,23,199
1,23,199
1,23,199
1,25,199
1,21,198
1,26,199
1,24,199
1,28,198
1,23,199
1,23,198
1,26,199
1,21,199
1,26,198
1,28,198
1,24,198
1,22,199
1,26,199
1,26,199
1,25,199
1,22,199
1,24,198
1,25,199
1,27,199
1,24,198
1,22,199
1,23,199
1,26,198
1,24,199
1,27,199
1,24,199
1,21,198
1,24,199
1,30,198
1,24,198
1,27,199
1,25,198
1,24,199
1,21,199
1,25,198
1,19,199
1,25,199
1,26,199
1,28,198
1,22,199
1,22,199
1,22,199
1,24,198
1,29,198
1,24,198
1,22,198
1,21,199
1,24,199
1,28,199
1,26,198
1,23,199
1,25,199
1,28,198
1,29,198
1,20,198
1,26,199
1,21,199
1,27,199
1,23,199
1,20,199
1,25,199
1,25,198
1,20,199
1,23,199
1,24,199
1,26,198
1,24,198
1,24,198
1,27,199
1,26,199
1,23,199
1,25,198
1,25,198
1,26,199
1,27,198
1,27,199
1,22,199
1,24,199
1,24,199
1,22,199
1,21,198
1,24,199
1,27,199
1,23,199
1,25,199
1,22,198
1,24,199
1,26,199
1,22,199
1,28,198
1,22,199
1,23,199
1,23,199
1,24,199
1,24,199
1,27,198
1,22,199
1,23,199
1,26,199
1,23,198
1,28,199
1,25,199
1,28,198
1,23,199
1,22,199
1,26,199
1,21,198
1,21,199
1,23,199
1,24,199
1,22,198
1,22,199
1,21,198
1,25,198
1,33,198
1,25,199
1,26,199
1,24,198
1,24,199
1,23,199
1,23,199
1,21,199
1,22,199
1,24,198
1,24,199
1,23,199
1,25,199
1,24,199
1,25,198
1,27,199
1,21,199
1,23,198
1,27,199
1,20,199
1,25,198
1,23,198
1,24,198
1,24,199
1,24,198
1,22,199
1,29,199
1,26,199
1,25,198
1,22,199
1,23,199
1,21,199
1,20,198
1,27,199
1,22,199
1,24,199
1,32,198
1,24,199
1,24,199
1,25,198
1,22,199
1,28,199
1,25,199
1,27,198
1,23,199
1,24,199
1,27,199
1,23,199
1,25,199
1,29,198
1,27,199
1,23,198
1,24,199
1,27,199
1,25,198
1,22,199
1,26,199
1,27,199
1,24,199
1,26,199
1,27,198
1,20,199
1,25,199
1,26,199
1,24,198
1,27,199
1,25,199
1,28,198
1,23,198
1,22,198
1,27,199
1,27,199
1,23,198
1,31,198
1,21,198
1,29,199
1,21,199
1,25,199
1,27,198
1,21,199
1,24,199
1,23,198
1,23,199
1,24,199
1,21,199
1,23,199
1,28,199
1,24,199
1,24,198
1,23,199
1,26,198
1,25,198
1,25,198
1,25,199
1,23,198
1,24,199
1,24,199
1,29,198
1,24,198
1,24,198
1,25,199
1,24,198
1,25,199
1,24,199
1,26,199
1,27,199
1,23,198
1,22,198
1,26,198
1,26,198
1,22,199
1,23,199
1,23,199
1,27,198
1,23,199
1,25,199
1,21,198
1,25,199
1,27,199
1,25,198
1,23,199
1,22,199
1,22,199
1,27,199
1,27,198
1,24,199
1,21,199
1,22,199
1,30,198
1,25,199
1,25,198
1,24,199
1,31,198
1,23,199
1,24,198
1,23,199
1,24,199
1,26,198
1,22,199
1,25,199
1,23,198
1,26,198
1,23,199
1,25,199
1,22,199
1,25,198
1,26,199
1,27,198
1,24,199
1,25,199
1,23,199
1,20,198
1,25,199
1,22,199
1,26,199
1,24,199
1,22,199
1,27,199
1,24,198
1,21,199
1,21,199
1,23,198
1,22,199
1,24,199
1,23,198
1,24,199
1,23,199
1,21,199
1,25,199
1,26,199
1,23,199
1,33,198
1,27,199
1,26,198
1,26,199
1,26,199
1,24,199
1,25,199
1,28,198
1,22,199
1,26,199
1,23,199
1,22,198
1,27,198
1,27,198
1,24,199
1,22,199
1,23,199
1,26,198
1,25,199
1,23,199
1,28,198
1,26,199
1,27,199
1,25,199
1,23,198
1,31,198
1,28,198
1,28,199
1,24,199
1,26,198
1,23,199
1,21,199
1,25,199
1,23,198
1,23,199
1,22,199
1,24,199
1,25,198
1,21,199
1,33,199
1,26,199
1,22,198
1,24,199
1,24,199
1,21,199
1,24,198
1,22,199
1,24,199
1,23,198
1,26,198
1,21,198
1,25,199
1,23,199
1,26,199
1,20,199
1,25,199
1,24,198
1,30,199
1,30,198
1,23,199
1,21,199
1,22,199
1,25,198
1,24,198
1,23,199
1,24,199
1,23,199
1,25,198
1,23,199
1,27,198
1,22,198
1,26,199
1,22,199
1,20,198
1,24,198
1,25,198
1,26,199
1,25,199
1,28,198
1,25,199
1,27,199
1,28,199
1,24,198
1,24,199
1,23,199
1,23,198
1,23,199
1,26,199
1,21,199
1,20,199
1,25,199
1,22,198
1,22,199
1,24,199
1,26,199
1,24,199
1,24,199
1,26,199
1,24,199
1,24,198
1,21,199
1,21,199
1,27,199
1,21,198
1,22,198
1,25,198
1,25,199
1,24,199
1,23,198
1,24,199
1,25,199
1,28,199
1,27,198
1,26,199
1,24,199
1,25,199
1,29,198
1,29,198
1,30,198
1,23,199
1,26,199
1,25,199
1,23,198
1,24,199
1,26,198
1,24,199
1,24,199
1,23,199
1,22,198
1,23,199
1,22,199
1,23,198
1,23,199
1,24,199
1,25,199
1,29,198
1,23,198
1,24,199
1,23,199
1,22,199
1,23,199
1,24,199
1,25,198
1,23,199
1,25,199
1,23,199
1,22,199
1,23,199
1,21,198
1,28,198
1,25,198
1,27,198
1,26,199
1,27,199
1,21,198
1,25,199
1,24,199
1,23,199
1,31,198
1,25,199
1,23,199
1,22,198
1,23,198
1,29,198
1,28,199
1,24,199
1,25,199
1,23,198
1,22,199
1,22,199
1,24,198
1,22,199
1,26,199
1,22,199
1,29,198
1,25,199
1,24,199
1,23,198
1,27,199
1,24,199
1,27,198
1,24,199
1,23,199
1,23,199
1,27,199
1,26,198
1,25,199
1,25,199
1,25,199
1,27,199
1,26,198
1,21,199
1,26,198
1,24,199
1,22,199
1,23,198
1,25,198
1,25,198
1,23,199
1,22,199
1,24,199
1,24,198
1,28,198
1,24,198
1,25,199
1,24,199
1,23,198
1,27,199
1,21,199
1,25,198
1,27,199
1,25,199
1,22,199
1,20,199
1,22,199
1,25,199
1,25,199
1,23,198
1,23,199
1,20,199
1,22,198
1,25,199
1,25,199
1,28,199
1,26,198
1,23,199
1,23,199
1,25,198
1,23,198
1,26,198
1,21,199
1,26,198
1,25,198
1,25,198
1,27,199
1,23,199
1,23,199
1,23,198
1,25,199
1,22,198
1,29,198
1,30,198
1,25,199
1,26,199
1,25,198
1,26,199
1,25,199
1,26,199
1,23,198
1,25,198
1,24,198
1,26,199
1,21,199
1,24,199
1,21,198
1,27,199
1,25,199
1,23,198
1,23,199
1,24,198
1,22,199
1,26,198
1,26,199
1,21,199
1,27,199
1,24,198
1,20,199
1,22,199
1,22,199
1,22,199
1,26,198
1,27,199
1,26,199
1,28,199
1,23,199
1,22,198
1,28,199
1,23,199
1,24,199
1,20,199
1,27,198
1,23,199
1,26,198
1,26,199
1,25,199
1,28,198
1,26,199
1,25,198
1,22,199
1,27,199
1,27,198
1,22,199
1,25,198
1,24,199
1,26,198