15,29,215
15,28,215
15,36,215
15,32,215
15,26,215
15,36,215
15,32,214
15,28,215
15,32,215
15,22,215
15,31,215
15,29,215
15,36,215
15,37,214
15,32,214
15,32,214
15,26,215
15,26,215
15,37,214
15,24,215
15,37,215
15,38,215
15,29,214
15,26,215
15,26,215
15,31,214
15,37,214
15,38,215
15,36,215
15,24,215
15,28,215
15,32,214
15,31,214
15,36,214
15,38,215
15,34,214
15,31,214
15,31,215
15,27,215
15,37,214
15,31,215
15,35,215
15,36,215
15,36,214
15,27,214
15,26,214
15,31,215
15,31,215
15,26,215
15,27,215
15,27,215
15,36,214
15,36,215
15,31,215
15,31,215
15,27,215
15,30,214
15,26,215
15,25,215
15,37,215
15,37,215
15,28,215
15,30,214
15,37,215
15,33,214
15,26,215
15,31,215
15,37,215
15,23,215
15,31,214
15,31,215
15,36,215
15,32,215
15,28,215
15,35,214
15,31,215
15,38,214
15,27,215
15,31,215
15,25,215
15,25,215
15,31,215
15,25,214
15,37,214
15,26,214
15,31,215
15,25,215
15,26,215
15,30,215
15,35,215
15,37,215
15,31,215
15,35,214
15,32,215
15,24,215
15,27,215
15,38,214
15,31,215
15,29,215
15,27,214
15,25,215
15,38,215
15,32,215
15,27,215
15,37,214
15,28,214
15,29,215
15,30,215
15,37,215
15,29,214
15,31,215
15,26,215
15,37,214
15,38,215
15,37,215
15,32,214
15,30,214
15,30,215
15,32,215
15,31,214
15,25,215
15,31,215
15,28,214
15,24,215
15,23,215
15,36,215
15,36,215
15,30,214
15,25,215
15,27,214
15,30,214
15,24,215
15,28,215
15,31,215
15,28,214
15,32,215
15,28,215
15,31,215
15,32,214
15,32,215
15,31,215
15,31,214
15,23,215
15,25,215
15,37,214
15,38,214
15,31,215
15,31,215
15,37,214
15,26,215
15,28,215
15,32,215
15,32,215
15,27,215
15,36,215
15,30,215
15,36,214
15,25,215
15,38,215
15,28,215
15,31,215
15,38,215
15,27,214
15,26,215
15,23,215
15,37,215
15,27,214
15,32,215
15,39,215
15,29,215
15,29,215
15,30,215
15,30,215
15,23,214
15,36,215
15,36,215
15,25,215
15,23,215
15,29,215
15,28,215
15,32,215
15,26,214
15,32,215
15,26,215
15,37,215
15,37,215
15,34,215
15,26,215
15,31,215
15,31,215
15,29,215
15,28,215
15,30,214
15,36,215
15,28,215
15,31,215
15,36,215
15,37,215
15,29,215
15,30,214
15,37,214
15,31,215
15,36,215
15,38,215
15,37,215
15,32,215
15,25,215
15,38,215
15,28,215
15,31,214
15,32,215
15,31,214
15,23,215
15,33,215
15,28,215
15,29,215
15,26,215
15,25,215
15,31,215
15,37,214
15,26,215
15,30,215
15,24,215
15,28,215
15,27,215
15,28,215
15,36,215
15,24,215
15,29,215
15,26,215
15,36,214
15,26,215
15,32,214
15,29,215
15,31,215
15,31,215
15,32,214
15,26,215
15,31,215
15,34,214
15,37,215
15,36,215
15,31,214
15,31,215
15,27,215
15,29,214
15,27,215
15,32,215
15,24,215
15,27,215
15,37,215
15,24,215
15,29,215
15,37,215
15,30,214
15,31,215
15,26,215
15,28,214
15,29,215
15,28,215
15,36,214
15,32,214
15,28,215
15,27,215
15,30,215
15,32,215
15,31,215
15,31,215
15,29,215
15,26,215
15,31,215
15,31,215
15,26,214
15,31,214
15,25,215
15,27,215
15,25,215
15,24,215
15,26,215
15,30,214
15,29,215
15,27,215
15,30,215
15,36,214
15,27,214
15,26,215
15,29,215
15,38,215
15,38,215
15,38,214
15,32,214
15,31,214
15,32,215
15,31,215
15,36,215
15,32,215
15,31,214
15,37,215
15,32,214
15,29,215
15,37,215
15,26,215
15,29,215
15,36,215
15,35,215
15,32,214
15,36,214
15,27,214
15,38,215
15,28,215
15,32,214
15,31,214
15,30,214
15,26,215
15,37,215
15,28,214
15,30,214
15,30,215
15,30,215
15,23,215
15,38,215
15,25,215
15,31,215
15,30,215
15,31,214
15,31,215
15,26,215
15,29,215
15,31,215
15,27,214
15,37,214
15,36,214
15,26,214
15,36,215
15,29,215
15,31,214
15,36,215
15,32,214
15,29,215
15,36,215
15,37,215
15,21,215
15,31,215
15,31,215
15,36,214
15,32,215
15,29,215
15,26,215
15,25,214
15,24,215
15,26,215
15,24,215
15,31,215
15,35,214
15,37,215
15,31,215
15,37,214
15,35,215
15,26,214
15,31,214
15,35,214
15,27,215
15,27,215
15,31,215
15,29,214
15,26,215
15,31,215
15,25,214
15,27,215
15,37,215
15,31,214
15,31,215
15,30,215
15,23,215
15,28,214
15,31,215
15,36,215
15,31,215
15,32,214
15,32,214
15,29,215
15,25,215
15,32,215
15,29,215
15,28,214
15,30,214
15,36,214
15,29,215
15,37,214
15,32,214
15,29,215
15,27,215
15,30,215
15,28,214
15,31,215
15,31,215
15,37,215
15,37,214
15,34,215
15,36,215
15,24,214
15,37,215
15,32,214
15,36,215
15,31,214
15,29,214
15,28,215
15,38,214
15,31,214
15,24,215
15,38,215
15,37,215
15,29,215
15,36,215
15,26,215
15,31,215
15,31,215
15,25,215
15,27,214
15,25,215
15,30,215
15,29,215
15,25,215
15,29,214
15,33,214
15,25,215
15,37,215
15,30,214
15,29,215
15,24,215
15,30,215
15,29,215
15,29,215
15,30,214
15,31,215
15,29,215
15,36,214
15,23,215
15,31,215
15,29,215
15,29,214
15,26,215
15,28,215
15,32,215
15,37,214
15,29,215
15,36,214
15,27,214
15,38,215
15,29,215
15,32,214
15,35,215
15,35,215
15,24,214
15,36,215
15,36,215
15,31,214
15,31,215
15,31,214
15,35,215
15,28,214
15,37,215
15,30,215
15,30,214
15,36,215
15,32,214
15,29,215
15,36,214
15,37,215
15,28,215
15,28,215
15,32,214
15,37,214
15,27,214
15,28,215
15,30,215
15,31,215
15,31,214
15,29,215
15,32,215
15,29,214
15,37,215
15,37,215
15,26,215
15,36,215
15,32,215
15,36,215
15,26,214
15,28,215
15,29,215
15,37,215
15,30,214
15,28,215
15,29,215
15,22,215
15,30,214
15,37,215
15,31,214
15,37,215
15,32,215
15,30,215
15,37,214
15,36,215
15,31,215
15,32,215
15,37,215
15,32,214
15,37,214
15,36,214
15,31,214
15,31,215
15,30,214
15,24,215
15,26,214
15,31,215
15,31,215
15,36,214
15,36,214
15,37,215
15,29,215
15,31,214
15,35,215
15,37,214
15,27,215
15,39,215
15,29,215
15,31,215
15,27,215
15,37,215
15,31,214
15,31,215
15,30,215
15,28,214
15,31,215
15,31,215
15,26,215
15,37,215
15,37,215
15,25,215
15,24,215
15,31,215
15,33,215
15,28,214
15,29,215
15,29,215
15,29,214
15,29,215
15,23,215
15,27,215
15,25,215
15,25,215
15,32,215
15,28,215
15,36,214
15,26,215
15,35,214
15,37,214
15,36,214
15,34,215
15,37,215
15,37,215
15,30,214
15,29,215
15,26,215
15,31,215
15,36,215
15,29,215
15,28,215
15,26,214
15,29,215
15,31,215
15,28,214
15,30,214
15,31,215
15,36,214
15,29,215
15,35,215
15,36,215
15,32,214
15,26,215
15,37,215
15,29,215
15,31,215
15,32,215
15,26,215
15,25,215
15,23,215
15,24,215
15,36,215
15,28,215
15,37,215
15,24,215
15,36,215
15,28,215
15,36,215
15,32,214
15,27,215
15,37,215
15,25,215
15,29,215
15,36,215
15,31,215
15,32,215
15,28,215
15,26,215
15,36,215
15,26,214
15,28,214
15,28,215
15,36,215
15,27,214
15,31,215
15,25,215
15,31,215
15,28,215
15,36,214
15,27,215
15,37,214
15,32,214
15,23,215
15,28,214
15,31,215
15,37,214
15,29,214
15,30,215
15,38,215
15,37,215
15,27,215
15,31,215
15,36,215
15,36,215
15,28,215
15,37,215
15,31,215
15,31,215
15,34,214
15,36,215
15,27,215
15,28,214
15,29,214
15,38,214
15,29,215
15,29,215
15,24,214
15,27,215
15,37,215
15,28,215
15,29,215
15,24,214
15,26,215
15,29,215
15,29,215
15,31,214
15,36,215
15,31,215
15,37,214
15,29,215
15,37,214
15,29,215
15,31,215
15,36,215
15,22,214
15,31,214
15,37,215
15,36,214
15,35,215
15,37,215
15,36,215
15,30,215
15,32,214
15,36,215
15,37,215
15,32,214
15,31,215
15,31,215
15,28,215
15,27,215
15,36,215
15,31,215
15,37,214
15,24,215
15,35,214
15,32,215
15,31,215
15,37,215
15,36,215
15,37,215
15,31,215
15,31,214
15,32,214
15,31,215
15,31,215
15,37,215
15,23,215
15,30,215
15,31,214
15,22,215
15,25,215
15,37,214
15,36,214
15,31,215
15,27,215
15,28,215
15,32,214
15,31,214
15,37,214
15,31,215
15,28,215
15,29,215
15,37,215
15,29,214
15,22,215
15,31,215
15,34,215
15,27,214
15,31,214
15,32,214
15,36,214
15,36,215
15,37,214
15,26,215
15,28,215
15,33,215
15,32,214
15,36,215
15,27,215
15,31,215
15,31,215
15,33,215
15,32,214
15,36,215
15,25,215
15,24,215
15,31,215
15,36,215
15,25,215
15,35,215
15,26,214
15,31,215
15,36,214
15,31,215
15,23,215
15,27,215
15,36,214
15,33,214
15,37,215
15,26,214
15,37,215
15,25,215
15,30,214
15,28,215
15,30,214
15,37,215
15,28,215
15,26,215
15,31,214
15,31,215
15,32,214
15,36,215
15,29,214
15,30,214
15,31,215
15,37,215
15,30,214
15,30,215
15,33,215
15,35,215
15,26,215
15,31,214
15,27,214
15,29,215
15,37,215
15,27,215
15,36,215
15,27,215
15,31,215
15,35,215
15,30,214
15,27,215
15,32,215
15,31,215
15,32,214
15,32,214
15,38,214
15,37,215
15,37,214
15,31,214
15,30,214
15,32,215
15,37,214
15,25,215
15,24,215
15,32,214
15,23,215
15,27,215
15,31,215
15,29,214
15,36,215
15,36,215
15,37,215
15,37,215
15,37,215
15,32,214
15,30,214
15,28,214
15,31,215
15,29,215
15,31,214
15,37,215
15,27,215
15,29,215
15,37,215
15,36,215
15,33,214
15,31,215
15,36,215
15,31,214
15,36,215
15,25,215
15,29,215
15,36,215
15,36,215
15,29,215
15,23,215
15,32,214
15,37,215