1,15,5,-76
1,15,5,-77
1,15,6,-77
1,15,4,-77
1,15,4,-77
1,15,5,-78
1,15,4,-65
1,15,4,-76
1,15,4,-65
1,15,6,-77
1,15,6,-78
1,15,4,-76
1,15,4,-76
1,15,4,-65
1,15,4,-61
1,15,4,-65
1,15,6,-76
1,15,4,-65
1,15,5,-78
1,15,5,-76
1,15,6,-77
1,15,4,-62
1,15,5,-77
1,15,5,-77
1,15,5,-77
1,15,5,-76
1,15,6,-75
1,15,4,-65
1,15,4,-65
1,15,6,-77
1,15,4,-76
1,14,4,-77
1,14,6,-75
1,15,5,-76
1,15,5,-77
1,15,4,-76
1,15,6,-78
1,15,4,-65
1,15,4,-65
1,15,4,-65
1,15,4,-65
1,15,4,-64
1,15,6,-75
1,15,4,-76
1,15,4,-65
1,14,6,-76
1,14,4,-76
1,14,6,-76
1,14,4,-65
1,14,6,-72
1,13,4,-77
1,13,4,-76
1,13,4,-76
1,13,4,-76
1,13,4,-65
1,12,5,-75
1,12,4,-76
1,12,4,-76
1,12,6,-75
1,12,4,-76
1,11,4,-76
1,11,4,-76
1,11,4,-76
1,11,4,-64
1,11,4,-77
1,10,4,-76
1,10,4,-76
1,10,6,-77
1,10,4,-77
1,10,7,-75
1,9,6,-76
1,9,4,-63
1,9,4,-65
1,9,5,-77
1,9,4,-76
1,8,4,-63
1,8,4,-75
1,8,5,-77
1,8,4,-76
1,8,5,-77
1,7,5,-77
1,7,5,-76
1,7,5,-77
1,7,5,-77
1,7,4,-65
1,6,5,-77
1,6,4,-77
1,6,6,-76
1,6,5,-77
1,9,6,-76
1,9,6,-76
1,9,5,-77
1,9,4,-65
1,9,4,-65
1,8,7,-78
1,8,4,-61
1,8,5,-76
1,8,4,-76
1,8,5,-77
1,7,6,-78
1,7,5,-78
1,7,5,-78
1,7,5,-78
1,7,7,-76
1,7,6,-77
1,6,4,-78
1,6,5,-77
1,6,5,-78
1,6,4,-63
1,9,4,-64
1,9,7,-76
1,9,4,-65
1,9,4,-64
1,9,5,-77
1,9,5,-77
1,12,4,-76
1,12,6,-77
1,12,4,-75
1,12,4,-76
1,11,5,-78
1,11,4,-77
1,11,4,-78
1,11,5,-76
1,11,6,-77
1,11,5,-75
1,10,4,-76
1,10,4,-65
1,10,4,-77
1,10,6,-75
1,10,4,-76
1,9,4,-75
1,9,4,-65
1,9,6,-76
1,9,4,-65
1,9,4,-65
1,8,6,-77
1,8,4,-65
1,8,4,-65
1,8,4,-64
1,8,4,-65
1,7,4,-65
1,7,4,-76
1,7,4,-63
1,7,5,-77
1,7,6,-76
1,6,4,-63
1,6,5,-77
1,6,5,-76
1,6,4,-76
1,6,4,-76
1,5,4,-63
1,5,5,-78
1,5,4,-64
1,5,4,-64
1,5,4,-77
1,7,4,-78
1,7,4,-64
1,7,4,-77
1,7,4,-70
1,7,8,-78
1,6,7,-78
1,6,5,-77
1,6,4,-77
1,6,4,-78
1,6,4,-64
1,9,6,-77
1,9,4,-72
1,9,5,-77
1,9,6,-72
1,9,4,-65
1,12,4,-75
1,12,4,-62
1,12,4,-65
1,12,4,-76
1,11,4,-78
1,11,5,-75
1,11,4,-77
1,11,5,-77
1,11,4,-65
1,10,4,-63
1,10,6,-75
1,10,4,-65
1,10,4,-76
1,10,6,-77
1,9,6,-75
1,9,5,-76
1,9,4,-63
1,9,4,-75
1,9,4,-74
1,8,4,-76
1,8,6,-75
1,8,4,-76
1,8,4,-77
1,8,5,-77
1,8,5,-78
1,8,5,-75
1,11,5,-77
1,11,4,-76
1,14,5,-77
1,14,6,-76
1,14,4,-72
1,14,4,-65
1,14,4,-65
1,14,4,-75
1,13,4,-65
1,13,4,-76
1,13,7,-76
1,13,4,-76
1,13,6,-76
1,12,4,-65
1,12,4,-75
1,12,5,-76
1,12,4,-64
1,15,5,-78
1,15,5,-77
1,15,8,-76
1,15,4,-78
1,15,4,-76
1,15,4,-76
1,15,4,-77
1,15,6,-77
1,15,5,-77
1,15,4,-64
1,15,5,-75
1,15,6,-76
1,15,5,-76
1,15,5,-77
1,15,5,-77
1,15,5,-77
1,14,4,-65
1,14,4,-65
1,14,4,-76
1,14,7,-76
1,14,4,-77
1,13,5,-78
1,13,4,-64
1,13,4,-65
1,13,4,-76
1,13,4,-76
1,15,4,-65
1,15,4,-76
1,15,5,-77
1,15,5,-75
1,15,6,-76
1,15,5,-77
1,15,4,-64
1,15,4,-75
1,15,4,-63
1,15,4,-71
1,15,4,-77
1,15,4,-78
1,15,4,-78
1,15,7,-75
1,15,6,-76
1,15,5,-78
1,15,4,-76
1,15,5,-77
1,15,6,-77
1,15,5,-77
1,15,4,-64
1,15,4,-65
1,14,4,-77
1,14,4,-65
1,14,4,-65
1,14,6,-76
1,15,6,-77
1,15,4,-65
1,15,4,-78
1,15,4,-78
1,15,4,-77
1,15,4,-65
1,15,4,-63
1,15,5,-77
1,15,4,-76
1,15,4,-65
1,15,4,-65
1,15,4,-77
1,15,5,-76
1,15,5,-77
1,15,4,-76
1,15,6,-77
1,15,4,-65
1,15,4,-77
1,15,5,-76
1,15,6,-75
1,15,6,-77
1,15,4,-77
1,15,4,-75
1,15,4,-65
1,15,4,-63
1,15,4,-65
1,15,4,-65
1,15,4,-76
1,14,4,-62
1,14,4,-63
1,14,6,-76
1,14,4,-65
1,15,6,-77
1,15,6,-76
1,15,4,-65
1,15,5,-77
1,15,4,-76
1,15,4,-65
1,15,7,-76
1,15,4,-70
1,15,4,-77
1,15,4,-76
1,15,6,-77
1,15,5,-77
1,15,4,-63
1,15,4,-63
1,15,4,-64
1,15,4,-77
1,15,4,-63
1,15,4,-76
1,15,5,-76
1,15,4,-65
1,15,7,-75
1,14,8,-78
1,14,5,-77
1,14,4,-75
1,14,4,-65
1,14,5,-77
1,14,4,-77
1,14,6,-76
1,14,4,-64
1,13,6,-76
1,13,5,-75
1,13,4,-77
1,13,4,-65
1,13,4,-78
1,12,4,-78
1,12,6,-78
1,12,4,-65
1,12,4,-65
1,12,5,-77
1,12,5,-75
1,12,4,-65
1,12,5,-77
1,12,5,-76
1,11,6,-77
1,11,4,-76
1,11,4,-76
1,11,4,-76
1,14,4,-70
1,14,5,-78
1,14,6,-75
1,14,5,-77
1,13,4,-65
1,13,4,-64
1,13,5,-76
1,13,6,-76
1,13,5,-75
1,12,6,-78
1,12,4,-78
1,12,4,-63
1,12,5,-77
1,12,4,-76
1,12,4,-62
1,12,6,-75
1,11,4,-64
1,11,5,-76
1,11,7,-76
1,11,4,-76
1,14,4,-63
1,14,4,-65
1,14,4,-77
1,14,4,-65
1,14,4,-76
1,14,7,-76
1,13,6,-76
1,13,5,-77
1,13,6,-75
1,13,4,-63
1,13,7,-78
1,12,4,-77
1,12,7,-76
1,12,5,-77
1,12,7,-76
1,12,4,-76
1,11,4,-77
1,11,6,-75
1,11,4,-76
1,11,5,-78
1,11,5,-75
1,11,6,-76
1,14,4,-65
1,14,4,-65
1,14,4,-65
1,14,5,-77
1,13,4,-65
1,13,6,-78
1,13,4,-64
1,13,7,-75
1,15,4,-63
1,15,4,-65
1,15,4,-65
1,15,5,-78
1,15,5,-77
1,15,6,-75
1,15,6,-78
1,15,6,-76
1,15,4,-64
1,14,4,-75
1,14,4,-77
1,14,6,-76
1,14,4,-75
1,14,4,-78
1,14,7,-78
1,15,6,-77
1,15,4,-65
1,15,4,-65
1,15,4,-65
1,15,4,-76
1,15,4,-65
1,15,4,-65
1,15,5,-77
1,15,4,-77
1,15,4,-65
1,15,5,-75
1,15,5,-77
1,15,5,-76
1,15,4,-65
1,15,5,-78
1,15,5,-76
1,15,5,-77
1,14,4,-64
1,14,4,-76
1,14,4,-69
1,14,4,-65
1,14,5,-77
1,13,4,-76
1,13,4,-77
1,13,4,-77
1,13,5,-76
1,13,4,-77
1,13,4,-63
1,13,4,-65
1,15,5,-76
1,15,5,-78
1,15,4,-65
1,15,5,-77
1,15,4,-76
1,14,4,-65
1,14,4,-64
1,14,7,-76
1,14,4,-65
1,14,5,-77
1,13,4,-76
1,13,6,-76
1,13,4,-76
1,13,5,-76
1,13,4,-65
1,12,5,-78
1,12,4,-77
1,12,4,-75
1,12,4,-78
1,12,5,-77
1,11,4,-75
1,11,4,-77
1,11,4,-64
1,11,5,-78
1,11,4,-65
1,14,4,-64
1,14,4,-77
1,14,4,-65
1,14,4,-77
1,14,4,-75
1,13,4,-78
1,13,6,-78
1,13,5,-77
1,13,4,-65
1,13,4,-76
1,12,7,-76
1,12,4,-76
1,12,7,-76
1,12,4,-77
1,12,6,-78
1,11,4,-64
1,11,4,-64
1,11,4,-77
1,11,4,-77
1,11,5,-77
1,10,4,-77
1,10,6,-76
1,10,4,-65
1,10,4,-65
1,10,4,-78
1,10,4,-65
1,10,4,-76
1,9,4,-76
1,9,5,-76
1,9,4,-65
1,9,4,-65
1,12,4,-78
1,12,6,-77
1,12,4,-76
1,12,6,-75
1,12,5,-77
1,12,4,-76
1,12,5,-76
1,12,5,-77
1,11,4,-65
1,11,5,-77
1,11,4,-76
1,14,4,-64
1,14,4,-76
1,14,4,-77
1,14,6,-75
1,14,4,-65
1,13,4,-76
1,13,5,-78
1,13,4,-77
1,13,4,-64
1,13,4,-76
1,12,4,-76
1,12,7,-76
1,12,5,-77
1,12,5,-77
1,12,5,-77
1,11,5,-76
1,11,4,-65
1,11,5,-76
1,11,4,-65
1,11,5,-76
1,10,4,-76
1,10,5,-77
1,10,5,-77
1,10,5,-76
1,10,4,-65
1,9,5,-77
1,9,7,-78
1,9,5,-78
1,9,6,-77
1,9,4,-77
1,9,4,-65
1,9,6,-77
1,9,4,-65
1,8,4,-76
1,11,4,-68
1,11,4,-76
1,11,4,-65
1,11,4,-77
1,11,4,-65
1,11,4,-76
1,10,6,-77
1,10,4,-65
1,10,4,-65
1,10,4,-76
1,10,5,-77
1,9,4,-64
1,12,6,-77
1,12,7,-76
1,12,4,-75
1,12,4,-76
1,12,5,-77
1,11,4,-66
1,14,4,-78
1,14,4,-62
1,14,4,-76
1,14,4,-63
1,14,4,-77
1,14,5,-78
1,13,4,-65
1,13,5,-75
1,13,5,-77
1,13,4,-65
1,13,4,-65
1,12,5,-78
1,12,4,-76
1,12,4,-77
1,12,5,-77
1,12,5,-77
1,11,4,-77
1,11,6,-78
1,11,4,-76
1,11,4,-65
1,11,4,-65
1,11,4,-77
1,11,4,-76
1,10,6,-77
1,10,4,-77
1,10,5,-78
1,10,6,-76
1,10,5,-76
1,9,5,-77
1,9,5,-78
1,9,4,-65
1,9,4,-77
1,12,5,-75
1,12,5,-77
1,12,4,-64
1,12,6,-76
1,12,5,-76
1,11,4,-76
1,11,4,-75
1,11,4,-65
1,11,5,-77
1,11,6,-76
1,10,7,-78
1,10,4,-65
1,10,5,-77
1,10,4,-63
1,10,4,-76
1,9,5,-78
1,9,6,-76
1,9,4,-76
1,12,5,-77
1,12,4,-77
1,12,5,-76
1,12,5,-76
1,11,6,-76
1,11,4,-67
1,11,4,-65
1,11,4,-76
1,11,7,-78
1,10,4,-76
1,10,7,-76
1,10,5,-77
1,10,5,-76
1,10,4,-76
1,9,4,-76
1,9,4,-76
1,12,4,-65
1,12,5,-77
1,12,4,-65
1,12,4,-76
1,12,4,-76
1,11,4,-77
1,11,4,-65
1,11,5,-77
1,11,4,-63
1,11,6,-76
1,11,4,-65
1,11,4,-77
1,11,4,-64
1,11,4,-75
1,10,4,-63
1,10,6,-77
1,13,4,-75
1,13,5,-76
1,13,4,-64
1,13,4,-76
1,12,4,-76
1,12,7,-76
1,12,4,-65
1,12,4,-78
1,12,6,-77
1,12,4,-76
1,12,5,-75
1,12,4,-62
1,12,7,-75
1,12,5,-78
1,11,4,-65
1,11,4,-65
1,11,5,-75
1,11,4,-65
1,11,7,-78
1,13,5,-76
1,13,4,-77
1,13,4,-76
1,13,6,-75
1,13,4,-78
1,12,5,-76
1,12,5,-78
1,12,4,-63
1,12,4,-76
1,12,6,-78
1,11,4,-63
1,11,5,-76
1,11,5,-77
1,11,4,-63
1,11,4,-78
1,14,5,-77
1,14,4,-64
1,14,4,-78
1,14,4,-65
1,14,4,-65
1,14,6,-75
1,14,4,-78
1,13,5,-78
1,13,4,-76
1,13,4,-77
1,13,4,-63
1,13,4,-78
1,12,4,-65
1,12,7,-76
1,12,5,-76
1,12,5,-77
1,12,5,-78
1,15,4,-77
1,15,4,-76
1,15,4,-75
1,15,4,-76
1,15,5,-76
1,15,7,-75
1,15,6,-77
1,15,4,-64
1,15,4,-77
1,15,5,-77
1,15,4,-76
1,15,4,-76
1,15,4,-63
1,15,4,-77
1,15,4,-76
1,15,6,-76
1,15,7,-76
1,15,6,-74
1,15,4,-65
1,15,5,-77
1,15,6,-76
1,15,6,-76
1,15,6,-77
1,15,4,-77
1,15,5,-77
1,15,4,-68
1,15,5,-75
1,15,4,-63
1,15,6,-76
1,15,4,-65
1,15,4,-65
1,15,5,-77
1,15,4,-65
1,15,4,-76
1,15,4,-65
1,14,6,-75
1,15,5,-76
1,15,6,-76
1,15,5,-76
1,15,5,-77
1,15,6,-76
1,15,4,-76
1,15,6,-78
1,15,5,-76
1,15,6,-77
1,15,4,-76
1,15,4,-65
1,15,5,-75
1,15,4,-66
1,15,4,-65
1,15,4,-64
1,15,4,-77
1,15,4,-65
1,15,6,-77
1,15,6,-77
1,15,4,-63
1,15,4,-65
1,15,6,-77
1,14,6,-77
1,14,4,-77
1,14,4,-76
1,14,4,-75
1,14,6,-75
1,13,4,-77
1,13,4,-65
1,13,4,-64
1,13,4,-76
1,13,4,-76
1,13,5,-77
1,13,4,-64
1,12,4,-76
1,12,5,-77
1,12,5,-76
1,12,4,-77
1,12,6,-76
1,15,6,-75
1,15,4,-65
1,15,5,-78
1,15,4,-65
1,14,5,-76
1,14,4,-76
1,14,4,-76
1,14,7,-77
1,14,4,-77
1,13,4,-70
1,13,5,-77
1,13,4,-76
1,13,5,-76
1,13,4,-76
1,13,6,-78
1,12,5,-77
1,12,4,-76
1,12,5,-77
1,12,4,-65
1,12,5,-76
1,11,7,-78
1,11,5,-77
1,11,6,-76
1,11,6,-78
1,11,5,-77
1,13,4,-64
1,13,4,-78
1,13,6,-76
1,13,5,-77
1,13,4,-78
1,12,5,-75
1,12,6,-76
1,12,6,-77
1,12,4,-76
1,12,4,-77
1,12,5,-78
1,15,4,-65
1,15,6,-75
1,15,6,-77
1,15,4,-65
1,15,7,-76
1,15,4,-65
1,14,4,-76
1,14,4,-65
1,14,4,-65
1,15,4,-77
1,15,4,-76
1,15,4,-77
1,15,5,-77
1,15,6,-77
1,15,4,-63
1,15,4,-76
1,15,4,-77
1,15,4,-65
1,15,7,-78
1,15,4,-76
1,14,5,-76
1,14,5,-77
1,14,4,-65
1,14,4,-72
1,14,4,-63
1,13,5,-77
1,13,4,-66
1,13,4,-64
1,13,4,-64
1,13,4,-77
1,12,6,-78
1,15,4,-65
1,15,4,-65
1,15,4,-78
1,15,6,-77
1,14,4,-76
1,14,5,-76
1,14,4,-66
1,14,5,-77
1,14,6,-75
1,14,5,-76
1,14,5,-77
1,14,4,-65
1,13,4,-77
1,13,4,-78
1,13,4,-63
1,13,4,-76
1,13,4,-76
1,13,4,-76
1,12,4,-65
1,12,4,-65
1,15,4,-63
1,15,5,-76
1,15,6,-77
1,15,6,-77
1,15,5,-77
1,14,6,-75
1,14,4,-65
1,14,6,-76
1,14,6,-78
1,14,5,-77
1,13,7,-76
1,13,4,-65
1,13,6,-76
1,13,4,-76
1,13,4,-65
1,13,6,-77
1,12,4,-65
1,12,5,-75
1,12,4,-76
1,12,4,-76
1,12,4,-77
1,11,4,-77
1,11,5,-78
1,11,4,-77
1,11,5,-76
1,11,4,-76
1,13,4,-63
1,13,5,-75
1,13,4,-65
1,13,4,-64
1,13,5,-77
1,13,4,-65
1,12,5,-78
1,12,6,-76
1,12,5,-76
1,12,4,-77
1,12,4,-64
1,11,7,-75
1,11,4,-64
1,11,7,-76
1,11,4,-76
1,11,6,-77
1,10,4,-63
1,10,5,-76
1,13,4,-76
1,13,5,-77
1,13,5,-76
1,13,5,-77
1,13,5,-76
1,12,5,-76
1,12,4,-76
1,12,4,-65
1,12,4,-65
1,12,4,-63
1,11,4,-76
1,11,6,-78
1,11,5,-78
1,11,6,-75
1,11,5,-76
1,11,4,-63
1,11,7,-76
1,10,4,-77
1,10,4,-77
1,10,5,-77
1,10,5,-76
1,10,4,-76
1,9,5,-75
1,9,4,-65
1,9,5,-75
1,9,4,-65
1,9,4,-75
1,8,4,-65
1,8,7,-76
1,11,4,-64
1,11,6,-78
1,11,4,-65
1,11,4,-72
1,10,4,-77
1,10,4,-78
1,10,4,-64
1,10,6,-76
1,10,4,-69
1,9,4,-76
1,9,6,-77
1,9,4,-76
1,9,4,-65
1,9,5,-78
1,8,4,-76
1,8,4,-77
1,8,4,-65
1,8,6,-75
1,8,4,-64
1,7,4,-77
1,7,4,-65
1,7,6,-76
1,7,7,-76
1,7,7,-76
1,6,4,-65
1,6,4,-71
1,6,4,-76
1,6,4,-76
1,6,4,-65
1,5,7,-75
1,5,5,-76
1,5,4,-65
1,5,4,-77
1,5,5,-75
1,4,5,-78
1,4,5,-76
1,4,4,-65
1,4,4,-63
1,7,5,-77
1,7,4,-76
1,7,4,-63
1,7,4,-76
1,6,5,-77
1,6,4,-77
1,6,5,-78
1,6,4,-64
1,6,5,-77
1,5,6,-76
1,8,4,-76
1,8,4,-77
1,8,4,-65
1,8,6,-76
1,7,4,-64
1,7,4,-77
1,7,4,-75
1,7,4,-76
1,7,4,-65
1,6,5,-77
1,6,4,-76
1,6,5,-76
1,6,4,-77
1,9,6,-75
1,9,4,-77
1,9,6,-77
1,9,4,-77
1,8,4,-77
1,8,4,-78
1,8,5,-78
1,8,4,-65
1,8,4,-66
1,8,6,-76
1,8,5,-77
1,7,4,-77
1,7,4,-65