2,16,210
2,16,210
2,16,210
2,15,209
2,13,210
3,15,210
6,18,210
8,15,209
8,13,209
9,14,210
9,13,209
9,15,210
9,13,210
9,18,210
10,16,210
10,13,210
10,14,210
10,17,210
10,16,210
10,13,210
10,17,210
11,16,210
12,17,210
12,13,210
13,15,210
13,13,210
13,15,209
14,18,210
14,15,209
15,15,210
15,14,210
15,13,210
15,15,210
15,16,209
15,14,209
15,14,210
15,14,209
15,15,210
15,17,209
15,13,210
15,15,210
15,15,210
15,14,211
15,16,210
15,16,210
15,16,209
15,16,210
15,13,210
15,18,210
15,15,210
15,17,209
15,14,211
15,16,210
15,17,210
15,15,210
15,18,210
15,15,210
15,18,209
15,17,209
15,16,210
15,17,209
15,16,210
15,15,210
15,15,210
15,14,209
15,16,210
15,17,210
15,18,209
15,15,210
15,15,209
15,16,210
15,13,210
15,15,210
15,16,209
15,17,209
15,14,210
15,17,210
15,15,210
15,12,210
15,18,209
15,16,209
15,18,210
15,17,210
15,17,209
15,15,210
15,14,210
15,17,210
15,16,210
15,15,210
15,16,210
15,17,210
15,16,210
15,15,210
15,13,210
15,15,210
15,13,210
15,16,210
15,16,210
15,19,209
15,15,210
15,17,209
15,15,211
15,13,210
15,14,210
15,15,210
15,17,210
15,14,210
15,16,210
15,17,209
15,17,209
15,14,210
15,14,210
15,15,210
15,16,209
15,15,211
15,16,210
15,17,210
15,15,210
15,13,210
15,17,209
15,16,209
15,15,210
15,18,210
15,13,210
15,16,210
15,15,210
15,14,211
15,14,210
15,15,210
15,15,210
15,16,210
15,16,210
15,16,210
15,17,209
15,14,210
15,15,210
15,17,209
15,17,210
15,14,209
15,15,210
15,17,210
15,13,211
15,15,210
15,16,210
15,14,210
15,12,210
15,15,210
15,13,210
15,17,210
15,17,210
15,18,209
15,18,209
15,17,209
15,15,210
15,14,210
15,15,210
15,15,210
15,16,210
15,15,209
15,13,210
15,15,210
15,16,210
15,16,210
15,13,210
15,13,210
15,16,210
15,15,210
15,17,210
15,14,209
15,16,210
15,14,209
15,15,210
15,15,210
15,14,210
15,14,209
15,16,210
15,14,211
15,15,210
15,16,210
15,15,210
15,12,210
15,15,210
15,16,210
15,15,210
15,14,210
15,15,210
15,13,210
15,16,210
15,17,210
15,14,210
15,16,210
15,16,210
15,18,209
15,13,210
15,16,210
15,16,210
15,18,209
15,15,210
15,15,210
15,14,210
15,14,210
15,12,210
15,14,210
15,15,210
15,14,210
15,15,210
15,16,210
15,16,210
15,16,210
15,15,210
15,16,210
15,17,210
15,15,209
15,13,210
15,14,210
15,17,210
15,15,210
15,13,210
15,15,210
15,13,210
15,15,210
15,15,210
15,16,210
15,14,210
15,14,210
15,15,210
15,16,210
15,15,210
15,13,210
15,17,210
15,15,210
15,18,210
15,15,210
15,17,210
15,14,210
15,13,210
15,16,210
15,16,210
15,16,210
15,14,211
15,15,210
15,15,210
15,16,209
15,13,210
15,13,210
15,14,210
15,15,210
15,17,210
15,15,210
15,13,210
15,16,210
15,16,210
15,15,210
15,15,210
15,15,210
15,14,209
15,10,210
15,16,209
15,14,210
15,16,210
15,14,210
15,17,210
15,15,210
15,14,210
15,16,210
15,15,209
15,17,210
15,16,210
15,14,209
15,16,210
15,13,210
15,14,210
15,14,210
15,16,210
15,16,209
15,15,210
15,15,210
15,16,210
15,13,210
15,18,209
15,14,210
15,13,210
15,15,210
15,16,210
15,15,211
15,14,210
15,14,210
15,18,209
15,15,210
15,14,210
15,16,210
15,16,209
15,16,210
15,16,210
15,15,210
15,17,210
15,14,210
15,14,209
15,14,210
15,16,210
15,16,210
15,13,210
15,15,210
15,13,210
15,13,210
15,14,210
15,14,210
15,16,210
15,17,210
15,15,210
15,14,210
15,15,209
15,14,210
15,14,210
15,16,210
15,16,210
15,16,210
15,16,210
15,17,210
15,14,210
15,16,211
15,17,210
15,17,210
15,14,210
15,13,210
15,16,210
15,17,210
15,13,209
15,15,210
15,17,210
15,15,210
15,14,210
15,13,209
15,16,210
15,13,210
15,18,209
15,17,210
15,17,209
15,17,209
15,15,210
15,18,209
15,16,209
15,17,209
15,15,210
15,14,210
15,16,210
15,18,210
15,14,210
15,15,210
15,16,210
15,15,210
15,13,209
15,16,210
15,15,210
15,16,210
15,9,210
15,15,210
15,18,209
15,15,210
15,16,210
15,15,210
15,15,209
15,14,210
15,17,210
15,15,210
15,13,210
15,15,210
15,15,210
15,16,210
15,16,210
15,14,210
15,15,210
15,14,210
15,15,210
15,15,210
15,14,210
15,17,210
15,16,210
15,13,209
15,16,210
15,14,210
15,14,210
15,15,210
15,15,209
15,12,210
15,17,210
15,16,210
15,16,210
15,14,210
15,16,210
15,16,210
15,16,210
15,15,210
15,17,210
15,16,209
15,15,210
15,14,210
15,15,209
15,17,210
15,15,210
15,16,210
15,14,211
15,14,210
15,14,210
15,13,210
15,17,210
15,15,210
15,14,210
15,16,210
15,16,209
15,14,210
15,15,210
15,13,210
15,15,211
15,16,210
15,17,210
15,16,210
15,15,210
15,14,210
15,15,210
15,16,210
15,17,210
15,13,209
15,14,210
15,14,210
15,16,210
15,15,209
15,13,210
15,16,210
15,13,210
15,15,210
15,15,210
15,15,210
15,15,210
15,13,210
15,17,209
15,17,210
15,16,210
15,14,210
15,15,210
15,13,209
15,15,210
15,14,210
15,14,210
15,15,210
15,16,210
15,15,210
15,15,210
15,15,211
15,15,210
15,14,210
15,15,210
15,16,210
15,15,209
15,14,210
15,18,209
15,17,210
15,16,210
15,14,210
15,18,210
15,16,210
15,14,210
15,14,210
15,16,210
15,15,210
15,15,209
15,15,210
15,15,210
15,13,210
15,15,210
15,15,209
15,16,210
15,13,209
15,15,210
15,13,210
15,14,210
15,18,209
15,14,210
15,17,209
15,15,210
15,16,209
15,13,210
15,16,210
15,17,210
15,15,210
15,13,210
15,16,210
15,14,210
15,16,209
15,15,210
15,16,210
15,18,210
15,16,209
15,17,209
15,16,209
15,15,211
15,15,211
15,14,210
15,12,209
15,16,210
15,12,210
15,17,209
15,15,211
15,17,210
15,14,210
15,13,210
15,16,210
15,15,210
15,13,210
15,15,209
15,17,210
15,16,210
15,13,211
15,15,210
15,13,210
15,16,209
15,16,209
15,15,209
15,16,210
15,17,209
15,16,210
15,17,209
15,14,210
15,16,210
15,17,210
15,15,210
15,14,210
15,17,210
15,14,210
15,15,210
15,16,210
15,15,210
15,14,210
15,15,210
15,17,210
15,14,209
15,15,209
15,14,210
15,14,210
15,14,210
15,13,210
15,13,209
15,15,210
15,15,211
15,15,210
15,13,210
15,15,210
15,13,210
15,15,210
15,15,210
15,16,210
15,16,210
15,16,210
15,14,209
15,15,210
15,16,210
15,14,209
15,13,211
15,15,210
15,14,210
15,15,210
15,17,210
15,16,209
15,16,210
15,18,209
15,15,210
15,14,210
15,14,210
15,16,209
15,13,210
15,16,209
15,17,210
15,16,210
15,16,210
15,17,210
15,15,210
15,15,210
15,15,210
15,17,210
15,18,209
15,14,210
15,12,209
15,14,210
15,14,209
15,13,210
15,14,210
15,18,210
15,15,210
15,17,210
15,18,209
15,16,211
15,13,210
15,14,210
15,18,210
15,14,210
15,14,209
15,14,210
15,17,209
15,16,210
15,16,210
15,18,209
15,15,210
15,16,210
15,16,210
15,13,211
15,16,210
15,16,210
15,16,210
15,13,210
15,17,209
15,16,210
15,14,210
15,17,210
15,15,210
15,14,210
15,17,209
15,16,210
15,17,209
15,18,209
15,14,210
15,16,209
15,13,210
15,17,210
15,16,210
15,13,210
15,15,210
15,16,210
15,15,210
15,14,210
15,16,210
15,15,210
15,15,210
15,14,210
15,13,210
15,13,210
15,16,210
15,13,210
15,15,210
15,15,210
15,16,210
15,16,210
15,17,209
15,15,210
15,16,210
15,13,210
15,14,211
15,14,210
15,16,210
15,12,210
15,15,210
15,16,210
15,14,210
15,15,210
15,16,210
15,16,210
15,14,210
15,17,209
15,14,210
15,15,210
15,14,210
15,12,210
15,16,210
15,16,210
15,15,210
15,12,210
15,14,211
15,14,210
15,16,210
15,14,210
15,17,209
15,16,210
15,17,209
15,14,210
15,17,210
15,17,210
15,18,209
15,14,210
15,13,210
15,15,210
15,15,210
15,16,210
15,15,210
15,13,210
15,16,210
15,16,210
15,17,210
15,16,210
15,13,210
15,15,210
15,16,210
15,17,210
15,14,210
15,14,209
15,15,210
15,17,209
15,15,211
15,13,210
15,13,210
15,14,210
15,17,209
15,16,210
15,15,210
15,15,210
15,15,210
15,15,210
15,16,210
15,15,210
15,16,210
15,18,209
15,16,210
15,17,209
15,13,210
15,15,210
15,17,210
15,17,210
15,16,210
15,14,210
15,12,210
15,16,210
15,16,210
15,17,210
15,13,210
15,17,209
15,13,210
15,14,210
15,15,210
15,17,210
15,16,210
15,17,210
15,16,210
15,15,210
15,15,210
15,17,209
15,14,210
15,15,210
15,16,210
15,16,209
15,15,210
15,12,210
15,18,209
15,12,210
15,14,209
15,16,210
15,14,210
15,14,210
15,13,210
15,15,210
15,16,210
15,16,209
15,16,209
15,17,210
15,15,211
15,15,210
15,13,210
15,13,210
15,15,210
15,15,210
15,16,210
15,17,210
15,15,210
15,14,210
15,16,210
15,15,210
15,13,210
15,13,210
15,14,210
15,15,210
15,16,210
15,16,210
15,14,209
15,13,210
15,16,210
15,14,211
15,17,210
15,16,210
15,17,210
15,16,209
15,16,209
15,16,210
15,16,210
15,16,210
15,18,210
15,12,210
15,16,210
15,14,210
15,15,211
15,15,210
15,13,211
15,16,210
15,13,210
15,16,210
15,13,210
15,12,210
15,14,209
15,14,210
15,13,210
15,16,210
15,17,210
15,14,210
15,14,210
15,16,210
15,15,210
15,16,210
15,14,210
15,14,210
15,15,210
15,15,209
15,14,210
15,15,210
15,15,209
15,15,210
15,12,210
15,14,209
15,13,211
15,17,210
15,14,210
15,14,210
15,16,210
15,13,210
15,16,209
15,15,210
15,17,209
15,15,209
15,14,210
15,15,211
15,17,210
15,16,210
15,15,210
15,14,211
15,14,210
15,16,210
15,16,210
15,13,210
15,17,209
15,17,210
15,17,209
15,17,210
15,15,209
15,16,210
15,15,210
15,15,210
15,13,210
15,13,210
15,15,210
15,14,211
15,17,210
15,16,210
15,14,210
15,18,210
15,13,210
15,17,209
15,15,210
15,13,210
15,16,210
15,15,209
15,17,210
15,15,210
15,17,210
15,15,209
15,13,210
15,16,210
15,16,210
15,15,210
15,13,210
15,17,210
15,16,210
15,18,209
15,14,210
15,17,210
15,16,210
15,14,209
15,16,210
15,15,210
15,14,210
15,16,210
15,17,210
15,17,209
15,16,210
15,15,210
15,16,209
15,14,210
15,14,209
15,13,210
15,15,210
15,14,209
15,15,210
15,17,210
15,17,209
15,15,210
15,16,209
15,15,210
15,16,210
15,16,210
15,17,210
15,16,210
15,16,210
15,16,209
15,14,210
15,14,210
15,16,210
15,15,210
15,15,210
15,15,210
15,17,210
15,17,210
15,15,210
15,13,210
15,14,210
15,17,210
15,15,210
15,13,210
15,14,210
15,13,210
15,15,210
15,17,210
15,16,210
15,13,210
15,16,210
15,17,210
15,16,210
15,15,211
15,15,210
15,15,209
15,16,210
15,13,210
15,17,210
15,15,210
15,14,210
15,14,210
15,15,210
15,16,210
15,16,210
15,13,209
15,14,210
15,17,210
15,14,210
15,14,210
15,15,210
15,13,210
15,16,210
15,17,209
15,15,210
15,14,210
15,16,209
15,15,210
15,15,210
15,15,211
15,14,210
15,16,210
15,16,210
15,15,209
15,15,210
15,15,210
15,15,210
15,12,210
15,14,210
15,15,210
15,15,209
15,16,210
15,16,210
15,15,210
15,13,210
15,13,210
15,14,210
15,15,210
15,15,210
15,15,210
15,12,210
15,15,210
15,14,211
15,16,209
15,17,210
15,14,209
15,15,210
15,14,210
15,14,210
15,14,210
15,14,210
15,14,210
15,12,210
15,14,210
15,13,210
15,14,210
15,15,210
15,16,210
15,16,210
15,13,210
15,17,209
15,13,210
15,14,209
15,14,209
15,14,210
15,17,210