15,16,210
15,14,210
15,14,211
15,17,210
15,15,210
15,14,210
15,16,211
15,14,211
15,16,210
15,16,210
15,17,210
15,14,210
15,16,210
15,16,209
15,15,210
15,16,210
15,15,210
15,13,210
15,16,210
15,15,210
15,14,211
15,16,210
15,16,210
15,15,210
15,14,210
15,17,210
15,12,210
15,17,209
15,14,210
15,14,210
15,17,210
15,16,210
15,14,210
15,16,210
15,15,210
15,14,210
15,17,210
15,14,210
15,15,210
15,16,210
15,14,209
15,16,210
15,17,210
15,17,211
15,16,210
15,16,210
15,14,210
15,16,210
15,12,210
15,17,210
15,15,210
15,17,210
15,14,211
15,15,210
15,15,211
15,14,211
15,13,209
15,15,209
15,16,210
15,18,210
15,15,210
15,16,210
15,15,210
15,13,210
15,15,210
15,17,210
15,17,209
15,16,210
15,17,210
15,14,211
15,17,209
15,13,210
15,15,210
15,17,209
15,15,210
15,17,210
15,16,210
15,13,210
15,13,210
15,15,210
15,15,210
15,15,210
15,16,210
15,14,210
15,14,210
15,16,210
15,15,210
15,14,210
15,16,210
15,16,210
15,17,209
15,14,210
15,16,210
15,15,209
15,13,210
15,16,210
15,15,210
15,15,210
15,15,210
15,16,210
15,16,210
15,13,211
15,14,210
15,15,210
15,13,210
15,17,209
15,15,210
15,14,210
15,15,210
15,14,210
15,13,210
15,17,210
15,15,210
15,15,210
15,14,210
15,17,210
15,15,210
15,13,210
15,15,210
15,15,210
15,15,210
15,16,210
15,13,210
15,16,210
15,17,210
15,14,209
15,14,210
15,16,210
15,14,210
15,13,210
15,17,209
15,15,211
15,15,210
15,15,210
15,15,210
15,17,210
15,15,210
15,14,211
15,14,210
15,16,210
15,17,209
15,12,210
15,16,210
15,17,210
15,15,210
15,14,210
15,17,209
15,15,210
15,14,210
15,13,210
15,12,211
15,16,210
15,17,209
15,17,210
15,15,210
15,14,210
15,15,210
15,16,210
15,17,210
15,18,209
15,16,211
15,16,210
15,14,210
15,14,210
15,13,210
15,14,210
15,15,210
15,17,209
15,16,210
15,16,210
15,15,210
15,13,210
15,15,210
15,16,210
15,19,210
15,17,210
15,16,210
15,15,210
15,14,211
15,16,210
15,16,210
15,16,209
15,15,210
15,17,210
15,18,210
15,14,210
15,17,210
15,15,210
15,13,210
15,12,209
15,18,210
15,13,210
15,18,210
15,14,210
15,14,210
15,18,209
15,15,210
15,17,210
15,15,210
15,13,210
15,18,210
15,13,210
15,16,210
15,17,209
15,14,210
15,17,210
15,15,210
15,17,209
15,16,211
15,13,211
15,15,210
15,17,211
15,18,210
15,14,210
15,15,210
15,16,210
15,14,210
15,18,210
15,14,210
15,14,210
15,17,209
15,14,210
15,14,210
15,14,209
15,15,210
15,18,210
15,15,210
15,14,210
15,14,210
15,17,210
15,16,209
15,15,210
15,16,210
15,14,210
15,15,210
15,16,209
15,15,210
15,13,210
15,17,210
15,16,210
15,13,210
15,14,210
15,18,209
15,16,209
15,14,210
15,15,210
15,17,210
15,16,209
15,14,210
15,11,210
15,15,210
15,17,210
15,17,209
15,16,209
15,15,210
15,14,211
15,16,210
15,16,210
15,13,210
15,14,210
15,16,210
15,16,210
15,14,210
15,16,210
15,16,210
15,18,209
15,15,210
15,13,210
15,15,210
15,16,210
15,15,210
15,14,210
15,16,210
15,16,210
15,13,210
15,18,210
15,15,210
15,14,210
15,16,210
15,14,210
15,13,210
15,15,209
15,17,209
15,15,210
15,17,210
15,16,210
15,14,210
15,17,210
15,13,210
15,13,210
15,15,210
15,16,209
15,16,210
15,16,210
15,16,210
15,17,210
15,14,211
15,15,209
15,13,210
15,13,210
15,15,210
15,15,210
15,16,210
15,13,210
15,16,210
15,16,210
15,13,210
15,17,209
15,14,210
15,14,210
15,17,210
15,15,211
15,14,210
15,16,210
15,16,210
15,13,211
15,15,210
15,14,211
15,14,210
15,16,210
15,16,209
15,15,210
15,15,210
15,15,210
15,12,210
15,13,210
15,13,210
15,18,210
15,15,210
15,14,210
15,15,210
15,15,210
15,18,209
15,13,210
15,15,210
15,17,210
15,13,210
15,17,210
15,14,210
15,17,210
15,14,210
15,13,210
15,15,210
15,14,210
15,15,210
15,16,210
15,18,210
15,15,210
15,15,210
15,15,210
15,13,210
15,18,209
15,13,210
15,16,210
15,16,210
15,13,210
15,16,210
15,16,210
15,17,209
15,16,210
15,16,210
15,15,209
15,16,209
15,16,210
15,14,210
15,17,210
15,14,210
15,14,210
15,15,210
15,16,210
15,16,210
15,15,210
15,16,210
15,15,210
15,13,210
15,14,210
15,16,210
15,14,210
15,14,210
15,16,210
15,13,210
15,18,210
15,14,209
15,13,210
15,16,210
15,16,210
15,16,210
15,16,210
15,14,210
15,14,210
15,14,209
15,14,210
15,14,210
15,18,209
15,15,210
15,16,210
15,18,209
15,15,210
15,17,210
15,16,210
15,15,209
15,17,210
15,14,210
15,14,210
15,14,210
15,15,211
15,17,210
15,14,210
15,16,210
15,14,209
15,16,210
15,16,210
15,16,210
15,16,210
15,17,210
15,12,210
15,16,210
15,15,210
15,14,210
15,18,210
15,14,210
15,14,210
15,16,210
15,14,210
15,15,210
15,18,210
15,17,210
15,14,210
15,13,210
15,15,210
15,18,210
15,17,209
15,15,210
15,14,210
15,13,210
15,17,209
15,14,210
15,14,209
15,15,210
15,13,210
15,15,210
15,14,210
15,16,210
15,16,210
15,16,210
15,17,210
15,15,210
15,14,210
15,15,210
15,17,210
15,13,210
15,17,210
15,16,210
15,14,210
15,16,210
15,16,210
15,16,209
15,15,210
15,15,210
15,14,210
15,16,210
15,16,210
15,17,210
15,14,210
15,17,210
15,17,209
15,14,210
15,16,210
15,18,210
15,14,210
15,17,210
15,16,210
15,16,210
15,15,210
15,16,210
15,16,210
15,17,210
15,17,209
15,13,210
15,17,209
15,13,210
15,14,210
15,13,210
15,14,210
15,15,210
15,14,210
15,15,210
15,17,210
15,15,210
15,16,210
15,14,210
15,15,210
15,17,210
15,17,209
15,16,210
15,16,210
15,14,210
15,15,210
15,17,210
15,14,210
15,16,210
15,15,210
15,14,211
15,17,210
15,12,210
15,16,210
15,15,210
15,14,210
15,16,210
15,17,210
15,15,211
15,18,210
15,15,210
15,16,210
15,17,210
15,14,210
15,14,210
15,13,210
15,16,210
15,16,210
15,15,210
15,17,210
15,16,210
15,16,211
15,13,210
15,15,210
15,16,210
15,17,209
15,15,210
15,16,210
15,17,209
15,14,210
15,17,210
15,14,210
15,18,210
15,15,210
15,16,210
15,16,210
15,16,210
15,16,210
15,14,210
15,16,210
15,15,210
15,14,210
15,18,210
15,12,210
15,14,210
15,17,210
15,14,210
15,15,210
15,16,210
15,15,210
15,16,210
15,14,210
15,16,210
15,15,210
15,17,209
15,15,210
15,13,210
15,16,209
15,14,210
15,13,210
15,15,210
15,14,210
15,15,210
15,17,210
15,15,210
15,17,210
15,13,210
15,16,210
15,14,210
15,12,210
15,17,210
15,14,210
15,15,210
15,15,210
15,13,210
15,16,210
15,14,210
15,16,209
15,13,210
15,14,209
15,17,210
15,14,210
15,16,210
15,16,210
15,18,210
15,14,211
15,15,210
15,13,210
15,17,210
15,12,210
15,15,210
15,16,210
15,16,210
15,16,210
15,17,210
15,14,210
15,14,210
15,13,210
15,18,210
15,15,210
15,14,210
15,15,210
15,16,210
15,16,210
15,12,210
15,17,210
15,16,210
15,17,210
15,15,210
15,16,210
15,17,210
15,15,209
15,15,210
15,14,211
15,13,210
15,15,210
15,12,210
15,17,210
15,16,210
15,16,210
15,14,210
15,13,210
15,15,210
15,16,210
15,17,210
15,17,210
15,13,210
15,13,209
15,17,210
15,16,210
15,14,210
15,15,210
15,17,209
15,16,211
15,16,210
15,15,210
15,13,211
15,17,210
15,13,211
15,12,210
15,15,210
15,17,210
15,17,209
15,14,210
15,18,210
15,13,210
15,14,210
15,18,209
15,15,210
15,16,210
15,16,209
15,15,210
15,16,210
15,16,210
15,13,210
15,18,210
15,15,210
15,13,210
15,15,210
15,12,210
15,14,210
15,14,210
15,14,210
15,18,209
15,16,209
15,15,210
15,14,211
15,15,210
15,14,210
15,17,210
15,14,210
15,14,210
15,15,210
15,15,210
15,16,210
15,13,210
15,16,210
15,15,210
15,14,210
15,17,210
15,16,210
15,18,210
15,16,210
15,14,210
15,16,210
15,17,210
15,17,210
15,16,210
15,14,210
15,17,210
15,14,210
15,14,210
15,16,209
15,14,210
15,14,209
15,14,210
15,14,210
15,15,210
15,16,210
15,18,209
15,15,210
15,16,210
15,16,210
15,14,210
15,16,210
15,15,210
15,13,210
15,17,209
15,14,211
15,14,210
15,16,210
15,17,209
15,16,210
15,14,210
15,18,210
15,17,210
15,14,210
15,16,210
15,15,211
15,16,210
15,16,210
15,16,210
15,17,210
15,15,210
15,15,210
15,16,210
15,17,210
15,17,210
15,14,210
15,13,210
15,15,210
15,16,210
15,15,210
15,15,210
15,15,211
15,16,210
15,14,210
15,14,210
15,12,210
15,15,210
15,17,210
15,16,210
15,16,210
15,14,209
15,15,210
15,18,209
15,15,210
15,15,211
15,14,209
15,16,211
15,14,210
15,14,210
15,18,209
15,14,210
15,17,210
15,14,210
15,13,210
15,18,210
15,14,211
15,13,210
15,15,210
15,18,210
15,17,209
15,15,210
15,17,210
15,14,210
15,16,210
15,17,210
15,14,211
15,17,210
15,17,210
15,15,210
15,16,210
15,14,210
15,14,211
15,16,209
15,10,210
15,17,209
15,16,210
15,16,210
15,16,209
15,14,210
15,14,211
15,15,209
15,16,210
15,15,210
15,17,210
15,16,210
15,12,210
15,18,210
15,16,211
15,15,210
15,15,210
15,14,210
15,15,210
15,16,210
15,14,210
15,16,210
15,14,210
15,13,210
15,16,209
15,16,210
15,14,210
15,16,210
15,16,209
15,17,209
15,16,210
15,17,210
15,14,210
15,13,210
15,16,210
15,17,210
15,15,210
15,13,210
15,16,210
15,14,210