1,2,6,-66
0,2,8,-66
0,2,7,-64
0,2,7,-64
0,2,7,-65
0,2,5,-66
0,2,6,-64
0,2,8,-66
0,2,9,-66
0,2,5,-64
0,2,5,-64
0,2,6,-64
0,2,7,-64
0,2,9,-66
0,2,7,-66
0,2,8,-64
0,2,7,-66
0,2,6,-64
0,2,6,-63
0,2,6,-64
0,2,6,-64
0,2,5,-64
0,2,7,-66
0,2,9,-66
0,2,6,-64
0,2,9,-66
1,3,6,-63
0,3,5,-63
0,3,8,-66
0,3,6,-62
0,3,7,-66
0,3,6,-64
0,3,7,-64
0,3,5,-66
0,3,6,-64
0,3,7,-64
0,3,6,-66
0,3,6,-64
0,3,8,-66
1,4,6,-64
0,4,7,-64
0,4,5,-64
0,4,7,-64
0,4,6,-64
0,4,6,-66
0,4,8,-66
0,4,7,-66
0,4,7,-65
0,4,6,-64
0,4,7,-66
0,4,4,-64
0,4,7,-66
0,4,4,-66
0,4,7,-64
0,4,6,-66
0,4,7,-63
0,4,7,-66
0,4,8,-66
0,4,6,-66
0,4,5,-64
0,4,7,-64
0,4,5,-66
0,4,6,-66
0,4,6,-64
0,4,6,-66
0,4,8,-64
0,4,7,-66
0,4,6,-66
0,4,7,-66
0,4,7,-64
0,4,7,-63
0,4,6,-64
0,4,8,-66
0,4,7,-66
0,4,6,-66
0,4,6,-66
0,4,7,-66
0,4,9,-66
0,4,8,-66
0,4,6,-66
0,4,7,-64
0,4,7,-66
0,4,7,-64
0,4,7,-66
0,4,7,-64
0,4,6,-64
0,4,8,-66
0,4,7,-64
0,4,6,-66
0,4,8,-66
0,4,7,-66
0,4,8,-64
0,4,6,-66
0,4,6,-64
0,4,6,-66
0,4,6,-65
0,4,7,-64
0,4,8,-66
0,4,4,-64
0,4,8,-66
0,4,5,-64
0,4,7,-66
0,4,6,-63
0,4,6,-64
0,4,4,-56
0,4,6,-64
0,4,6,-65
0,4,7,-66
0,4,6,-66
0,4,6,-64
0,4,8,-71
0,4,7,-64
0,4,7,-64
0,4,7,-66
0,4,6,-64
0,4,6,-66
0,4,7,-66
0,4,5,-64
0,5,6,-64
0,5,8,-66
0,5,6,-63
0,5,7,-66
0,5,6,-66
0,5,7,-66
0,5,7,-66
0,5,7,-66
0,5,8,-64
0,5,7,-66
0,5,7,-64
0,5,7,-66
0,5,6,-64
0,5,6,-63
0,5,6,-64
0,5,7,-66
0,5,7,-66
0,5,6,-64
0,5,6,-64
0,5,6,-64
0,5,6,-64
0,5,6,-63
0,5,7,-66
0,5,7,-66
0,5,6,-66
0,5,7,-64
0,5,6,-64
0,5,8,-66
0,5,7,-66
0,5,5,-63
0,5,5,-64
0,5,6,-64
0,5,7,-66
0,5,7,-63
0,5,6,-64
0,5,6,-66
0,5,7,-66
0,5,5,-63
0,5,6,-65
0,5,5,-66
0,5,7,-66
0,5,7,-66
0,5,5,-64
0,5,7,-66
0,5,7,-66
0,5,8,-63
0,5,6,-63
0,5,7,-66
0,5,7,-66
0,5,6,-64
0,5,6,-62
0,5,7,-66
0,5,6,-64
1,6,6,-64
0,6,9,-66
0,6,5,-64
0,6,6,-64
0,6,6,-63
0,6,6,-64
0,6,5,-64
0,6,5,-63
0,6,6,-64
0,6,7,-66
0,6,7,-64
0,6,7,-65
0,6,8,-66
0,6,6,-64
0,6,7,-64
0,6,7,-66
0,6,6,-64
0,6,7,-66
0,6,6,-66
0,6,7,-66
0,6,5,-58
0,6,7,-66
0,6,7,-66
0,6,6,-64
0,6,6,-62
0,6,6,-64
0,6,7,-66
0,6,7,-66
0,6,5,-61
0,6,7,-66
0,6,7,-66
0,6,7,-66
0,6,6,-64
0,6,6,-66
0,6,7,-66
0,6,8,-66
0,6,5,-66
0,6,6,-62
0,6,6,-62
0,6,6,-64
0,6,6,-63
0,6,8,-63
0,6,7,-64
0,6,7,-66
0,6,6,-64
0,6,8,-66
0,6,6,-64
0,6,7,-66
0,6,7,-66
0,6,6,-63
0,6,7,-66
0,6,5,-63
0,6,6,-66
0,6,6,-64
0,6,7,-66
0,6,7,-66
0,6,7,-64
1,7,7,-66
0,7,4,-66
0,7,8,-64
0,7,7,-66
0,7,7,-64
0,7,6,-64
0,7,7,-66
0,7,7,-64
0,7,6,-66
0,7,7,-66
0,7,8,-63
0,7,7,-64
0,7,5,-61
0,7,6,-64
0,7,6,-62
0,7,6,-64
0,7,7,-64
0,7,7,-64
0,7,6,-66
0,7,6,-62
0,7,7,-66
0,7,6,-66
0,7,8,-62
0,7,5,-63
0,7,7,-66
0,7,8,-64
0,7,6,-63
0,7,8,-66
0,7,7,-64
0,7,6,-64
0,7,6,-63
0,7,7,-66
0,7,5,-62
0,7,7,-65
0,7,7,-66
0,7,7,-66
0,7,6,-63
0,7,7,-66
0,7,7,-66
0,7,7,-62
0,7,6,-66
0,7,5,-66
0,7,5,-63
1,8,6,-63
0,8,7,-62
0,8,7,-66
0,8,7,-64
0,8,7,-66
0,8,6,-63
0,8,7,-64
0,8,6,-64
0,8,9,-66
0,8,7,-66
0,8,8,-66
0,8,6,-66
0,8,8,-62
0,8,5,-64
0,8,7,-66
0,8,7,-65
0,8,8,-66
0,8,7,-66
0,8,5,-64
0,8,7,-66
0,8,8,-66
0,8,8,-66
0,8,6,-63
0,8,7,-66
0,8,6,-64
0,8,7,-66
0,8,6,-66
0,8,6,-63
0,8,6,-66
0,8,7,-67
0,8,6,-64
0,8,8,-66
0,8,6,-64
0,8,8,-64
0,8,8,-66
0,8,6,-66
0,8,8,-66
0,8,6,-62
0,8,6,-62
0,8,6,-62
0,8,7,-66
0,8,4,-64
0,8,6,-66
0,8,7,-66
0,8,7,-64
0,8,6,-66
0,8,8,-66
0,8,6,-63
0,8,7,-66
0,8,5,-63
0,8,6,-66
0,8,5,-64
0,8,5,-66
0,8,7,-62
0,8,6,-62
0,8,7,-66
0,8,6,-63
0,8,4,-64
0,8,9,-66
0,8,5,-64
0,8,6,-66
0,8,7,-66
0,8,7,-62
0,8,8,-65
0,8,7,-66
0,8,6,-64
0,8,7,-66
0,8,7,-66
0,8,6,-66
0,8,7,-66
0,8,6,-64
0,8,6,-62
0,8,7,-66
0,8,8,-64
0,8,7,-66
0,8,7,-65
0,8,7,-66
1,9,6,-62
0,9,6,-64
0,9,6,-64
0,9,8,-66
1,10,8,-66
0,10,8,-66
0,10,6,-64
0,10,6,-66
1,11,7,-66
0,11,7,-64
0,11,8,-66
0,11,8,-66
0,11,8,-62
0,11,7,-66
0,11,7,-66
0,11,7,-62
0,11,6,-64
1,12,7,-64
0,12,7,-64
0,12,6,-66
0,12,6,-64
0,12,6,-66
0,12,6,-66
0,12,6,-64
0,12,7,-66
0,12,7,-66
0,12,8,-66
0,12,5,-64
0,12,6,-66
0,12,7,-66
0,12,8,-66
0,12,7,-66
0,12,8,-66
0,12,5,-64
0,12,6,-66
0,12,8,-64
0,12,7,-66
0,12,4,-62
0,12,6,-66
0,12,6,-64
0,12,6,-64
0,12,7,-66
0,12,6,-66
0,12,6,-64
0,12,6,-66
0,12,6,-63
1,13,8,-66
0,13,6,-66
0,13,9,-66
0,13,7,-66
0,13,6,-66
0,13,5,-63
0,13,7,-64
0,13,6,-64
0,13,7,-66
0,13,7,-63
0,13,7,-66
0,13,6,-64
0,13,9,-66
0,13,4,-64
0,13,6,-66
1,14,6,-66
0,14,7,-64
0,14,6,-65
0,14,6,-66
0,14,8,-66
0,14,6,-64
0,14,7,-66
0,14,6,-66
0,14,6,-64
0,14,5,-62
0,14,7,-66
0,14,4,-64
0,14,6,-66
0,14,7,-64
0,14,8,-66
0,14,6,-64
0,14,6,-63
0,14,6,-63
0,14,7,-66
0,14,7,-66
0,14,7,-66
0,14,6,-64
0,14,7,-66
0,14,7,-66
0,14,6,-66
0,14,7,-66
0,14,8,-66
0,14,8,-66
0,14,8,-66
0,14,7,-66
0,14,6,-66
0,14,7,-63
0,14,5,-66
0,14,8,-64
0,14,8,-66
0,14,8,-62
0,14,7,-66
0,14,7,-64
0,14,7,-66
0,14,7,-66
0,14,6,-63
0,14,6,-66
0,14,6,-66
0,14,6,-64
0,14,6,-64
0,14,7,-66
0,14,6,-62
0,14,7,-66
0,14,6,-66
0,14,6,-63
0,14,9,-64
0,14,6,-64
0,14,6,-66
0,14,8,-66
0,14,7,-66
0,14,7,-64
0,14,7,-66
0,14,6,-66
0,14,6,-64
0,14,7,-63
0,14,6,-66
0,14,7,-66
0,14,7,-66
0,14,6,-66
0,14,4,-63
0,14,6,-64
0,14,6,-64
0,14,6,-62
0,14,8,-66
1,15,8,-65
0,15,7,-66
0,15,8,-66
0,15,7,-64
0,15,7,-64
0,15,6,-64
0,15,7,-64
0,15,6,-64
0,15,6,-66
0,15,9,-66
0,15,7,-64
0,15,6,-64
0,15,5,-63
0,15,7,-66
0,15,7,-66
0,15,6,-64
0,15,7,-66
0,15,7,-66
1,15,7,-63
1,15,6,-66
0,15,6,-64
0,15,7,-63
0,15,7,-66
0,15,7,-66
0,15,7,-66
0,15,5,-65
0,15,6,-64
0,15,6,-66
0,15,7,-66
0,15,6,-62
0,15,7,-66
0,15,7,-64
0,15,6,-66
0,15,7,-66
0,15,5,-64
0,15,8,-66
0,15,6,-64
0,15,5,-63
0,15,7,-66
0,15,6,-66
0,15,6,-66
0,15,6,-64
0,15,6,-64
0,15,8,-63
0,15,6,-66
0,15,7,-66
0,15,7,-63
0,15,7,-66
0,15,6,-66
1,15,8,-64
0,15,6,-64
0,15,5,-64
0,15,7,-65
0,15,7,-66
0,15,7,-64
0,15,6,-66
0,15,8,-62
1,15,7,-65
0,15,8,-66
0,15,7,-64
0,15,6,-62
0,15,8,-66
0,15,5,-64
0,15,6,-64
0,15,7,-64
0,15,6,-66
0,15,6,-66
0,15,8,-66
0,15,7,-64
0,15,7,-63
0,15,6,-66
0,15,8,-66
0,15,7,-66
1,15,7,-66
1,15,7,-66
0,15,7,-66
0,15,5,-61
0,15,7,-62
0,15,7,-66
0,15,7,-66
0,15,6,-64
0,15,7,-63
0,15,9,-66
0,15,6,-66
0,15,5,-62
0,15,6,-64
0,15,6,-63
0,15,7,-64
0,15,7,-66
0,15,6,-65
0,15,6,-66
0,15,7,-66
1,15,7,-64
0,15,6,-66
0,15,5,-63
0,15,7,-62
0,15,6,-64
0,15,6,-62
0,15,7,-64
0,15,6,-64
0,15,6,-64
0,15,6,-63
0,15,4,-56
0,15,7,-66
0,15,7,-62
0,15,7,-66
0,15,6,-64
1,15,6,-64
0,15,6,-64
0,15,6,-64
0,15,6,-66
0,15,6,-64
0,15,7,-66
0,15,7,-64
0,15,8,-66
0,15,6,-63
0,15,7,-66
0,15,5,-61
0,15,7,-66
0,15,6,-66
0,15,8,-64
0,15,5,-66
0,15,6,-64
0,15,6,-66
0,15,8,-64
0,15,6,-64
0,15,6,-66
0,15,8,-66
0,15,5,-63
0,15,6,-64
0,15,4,-64
0,15,5,-64
0,15,5,-63
0,15,7,-64
0,15,7,-66
0,15,6,-66
0,15,5,-64
0,15,6,-64
0,15,7,-66
0,15,7,-64
0,15,8,-64
0,15,7,-66
0,15,6,-63
0,15,7,-66
0,15,6,-66
0,15,6,-64
0,15,8,-66
0,15,5,-64
0,15,8,-66
0,15,8,-66
0,15,6,-66
0,15,7,-64
0,15,4,-63
0,15,7,-66
0,15,5,-63
0,15,7,-66
1,15,6,-66
0,15,7,-63
0,15,5,-64
0,15,7,-66
0,15,7,-66
0,15,6,-63
0,15,6,-63
0,15,9,-66
0,15,8,-64
0,15,8,-64
0,15,8,-66
0,15,7,-66
0,15,7,-66
0,15,6,-66
0,15,6,-66
0,15,6,-64
0,15,7,-66
0,15,4,-63
0,15,9,-66
0,15,6,-66
0,15,6,-64
0,15,7,-64
0,15,7,-66
0,15,5,-66
0,15,8,-66
0,15,7,-66
0,15,6,-64
0,15,8,-66
0,15,7,-63
0,15,6,-64
0,15,7,-66
0,15,6,-62
0,15,5,-66
0,15,5,-62
0,15,7,-64
0,15,7,-64
0,15,8,-66
0,15,7,-64
0,15,6,-63
0,15,5,-62
0,15,7,-62
0,15,5,-66
0,15,5,-63
0,15,9,-65
0,15,6,-66
0,15,7,-66
0,15,7,-66
0,15,6,-63
0,15,8,-66
0,15,6,-62
0,15,6,-63
0,15,6,-66
0,15,6,-66
0,15,6,-65
0,15,4,-63
1,15,7,-66
0,15,6,-64
0,15,7,-64
0,15,8,-64
0,15,6,-66
0,15,6,-64
0,15,6,-64
0,15,8,-66
0,15,7,-64
0,15,7,-64
0,15,7,-66
0,15,6,-64
0,15,7,-64
0,15,6,-66
0,15,7,-65
0,15,7,-66
0,15,6,-64
0,15,6,-66
0,15,7,-66
0,15,8,-66
0,15,8,-66
0,15,7,-64
0,15,7,-63
0,15,7,-66
0,15,7,-66
0,15,5,-66
0,15,6,-66
0,15,7,-64
0,15,5,-64
0,15,7,-64
0,15,7,-64
0,15,6,-66
0,15,8,-66
0,15,6,-64
0,15,4,-64
0,15,7,-65
0,15,8,-66
0,15,6,-64
0,15,4,-62
0,15,8,-66
0,15,6,-64
0,15,7,-66
0,15,4,-64
0,15,6,-63
0,15,8,-63
0,15,7,-65
0,15,6,-64
0,15,6,-64
0,15,7,-66
0,15,7,-63
0,15,7,-66
0,15,5,-66
0,15,7,-66
0,15,7,-66
0,15,7,-60
0,15,7,-66
0,15,6,-64
0,15,7,-66
0,15,6,-66
0,15,6,-64
0,15,8,-66
0,15,5,-63
0,15,8,-66
0,15,5,-66
0,15,7,-66
0,15,7,-65
0,15,8,-66
0,15,6,-66
0,15,6,-64
0,15,5,-63
0,15,7,-66
0,15,4,-61
0,15,6,-66
0,15,8,-66
0,15,6,-66
0,15,6,-64
0,15,6,-66
0,15,4,-63
0,15,6,-64
0,15,8,-66
0,15,6,-64
0,15,7,-62
0,15,6,-64
0,15,7,-64
0,15,6,-63
0,15,8,-66
0,15,6,-64
0,15,6,-64
0,15,4,-63
0,15,8,-66
0,15,7,-62
0,15,6,-66
0,15,6,-66
0,15,7,-66
0,15,6,-64
0,15,7,-66
0,15,6,-62
0,15,7,-64
0,15,7,-66
0,15,6,-66
0,15,7,-66
0,15,6,-66
0,15,6,-64
0,15,7,-66
0,15,7,-64
0,15,6,-62
0,15,8,-63
0,15,6,-66
0,15,8,-64
0,15,6,-66
0,15,6,-64
0,15,8,-63
0,15,7,-64
0,15,6,-66
0,15,7,-66
0,15,6,-64
0,15,6,-64
0,15,5,-64
0,15,6,-63
0,15,6,-66
0,15,6,-64
0,15,7,-66
0,15,6,-64
0,15,7,-66
0,15,7,-66
0,15,7,-64
0,15,4,-56
0,15,6,-66
0,15,8,-62
1,15,7,-66
0,15,5,-64
0,15,5,-64
0,15,8,-66
0,15,6,-62
0,15,8,-66
0,15,6,-66
0,15,7,-64
0,15,7,-62
0,15,6,-64
0,15,7,-63
0,15,8,-66
0,15,5,-63
0,15,6,-65
0,15,7,-66
0,15,7,-64
0,15,5,-64
0,15,6,-63
0,15,6,-64
1,15,7,-66
0,15,7,-66
0,15,5,-63
0,15,8,-64
0,15,7,-63
0,15,7,-66
0,15,5,-63
1,15,6,-63
0,15,7,-64
0,15,8,-63
0,15,7,-66
0,15,5,-64
0,15,7,-66
0,15,7,-64
0,15,7,-66
0,15,9,-64
0,15,8,-65
0,15,7,-62
0,15,6,-65
0,15,6,-66
0,15,7,-66
0,15,6,-66
0,15,7,-65
0,15,7,-66
0,15,7,-64
0,15,6,-63
0,15,6,-64
0,15,7,-66
0,15,6,-63
0,15,7,-66
0,15,7,-66
0,15,6,-64
0,15,9,-66
0,15,6,-66
0,15,7,-66
0,15,6,-64
0,15,7,-66
0,15,5,-66
0,15,9,-66
0,15,6,-66
0,15,5,-66
0,15,7,-66
0,15,6,-66
0,15,7,-66
0,15,6,-66
0,15,7,-66
0,15,6,-66
1,15,8,-66
0,15,7,-66
0,15,6,-66
0,15,5,-66
0,15,9,-66
0,15,7,-64
0,15,6,-66
0,15,6,-66
0,15,5,-63
0,15,5,-64
0,15,5,-66
0,15,6,-66
0,15,8,-66
0,15,7,-63
0,15,8,-64
0,15,5,-66
0,15,7,-66
0,15,6,-66
0,15,6,-63
0,15,8,-66
0,15,6,-66
0,15,6,-66
0,15,4,-62
0,15,6,-66
0,15,5,-64
0,15,7,-66
0,15,8,-66
0,15,6,-64
1,15,5,-66
0,15,7,-66
0,15,4,-66
0,15,6,-66
0,15,6,-66
0,15,6,-64
0,15,9,-63
0,15,7,-66
0,15,7,-66
0,15,8,-66
0,15,7,-66
0,15,6,-64
0,15,7,-64
0,15,7,-66
0,15,7,-66
0,15,6,-62
0,15,6,-66
0,15,8,-66
0,15,8,-66
0,15,7,-66
0,15,7,-66
0,15,8,-66
0,15,7,-66
0,15,7,-66
0,15,7,-66
1,15,7,-67
0,15,9,-66
0,15,6,-63
1,15,7,-64
0,15,7,-66
0,15,7,-66
0,15,9,-64
0,15,7,-66
1,15,7,-64
0,15,6,-66
0,15,5,-64
0,15,6,-64
0,15,7,-66
1,15,5,-64
0,15,8,-64
0,15,8,-66
0,15,6,-66
0,15,5,-64
0,15,6,-62
0,15,7,-66
0,15,5,-64
0,15,7,-66
0,15,5,-64
0,15,7,-64
0,15,9,-66
0,15,8,-66
0,15,6,-63
0,15,7,-64
1,15,6,-64
0,15,7,-64
0,15,6,-63
0,15,6,-66
0,15,5,-61
0,15,6,-64
0,15,5,-66
0,15,6,-66
0,15,5,-64
0,15,7,-66
0,15,6,-64
0,15,8,-63
0,15,6,-66
0,15,7,-63
0,15,6,-62
0,15,6,-63
0,15,7,-64
0,15,7,-64
0,15,6,-64
0,15,7,-66
0,15,8,-66
0,15,6,-66
0,15,6,-66
0,15,7,-66
0,15,7,-66
0,15,8,-64
0,15,8,-66
0,15,9,-64
0,15,7,-66
0,15,7,-66
0,15,7,-64
0,15,8,-63
0,15,7,-64
0,15,4,-64
0,15,7,-66